# ------------------------------------------------------------------------
# Radiance spectrum
# NASA-GSFC Planetary Spectrum Generator (PSG) (Villanueva et al. 2018, 2022)
# Synthesized on Mon Mar 27 12:02:24 2023
# Doppler velocities [km/s] (vobs,vrot+vorb,vwidth,vrfl,vstr): -21.10000,-0.00000,0.15000,1.22682,0.00000
# Spectral unit: Wavelength [um]
# Radiance unit: Contrast [radiance ratio w.r.t. parent star]
# Wave/freq Total Noise Stellar Object Reflected Thermal Transit
6.000000000e-01  7.3456070e-03  6.93881e-05  1.00000e+00  7.34561e-03 -0.00000e+00 -9.63355e-30  7.34561e-03
6.220000000e-01  7.3456070e-03  6.33334e-05  1.00000e+00  7.34561e-03 -0.00000e+00 -8.99157e-29  7.34561e-03
6.440000000e-01  7.3456070e-03  4.93738e-05  1.00000e+00  7.34561e-03 -0.00000e+00 -5.34688e-28  7.34561e-03
6.660000000e-01  7.3456070e-03  5.06589e-05  1.00000e+00  7.34561e-03 -0.00000e+00 -4.43632e-27  7.34561e-03
6.880000000e-01  7.3456070e-03  4.42153e-05  1.00000e+00  7.34561e-03 -0.00000e+00 -2.39681e-26  7.34561e-03
7.100000000e-01  7.3456070e-03  4.16628e-05  1.00000e+00  7.34561e-03 -0.00000e+00 -1.31229e-25  7.34561e-03
7.320000000e-01  7.3456070e-03  3.08305e-05  1.00000e+00  7.34561e-03 -0.00000e+00 -4.07041e-25  7.34561e-03
7.540000000e-01  7.3456070e-03  2.47062e-05  1.00000e+00  7.34561e-03 -0.00000e+00 -1.31013e-24  7.34561e-03
7.760000000e-01  7.3456070e-03  2.98986e-05  1.00000e+00  7.34561e-03 -0.00000e+00 -8.47989e-24  7.34561e-03
7.980000000e-01  7.3456070e-03  2.38818e-05  1.00000e+00  7.34561e-03 -0.00000e+00 -2.26433e-23  7.34561e-03
8.200000000e-01  7.3456070e-03  2.19496e-05  1.00000e+00  7.34561e-03 -0.00000e+00 -7.30976e-23  7.34561e-03
8.420000000e-01  7.3456070e-03  2.27480e-05  1.00000e+00  7.34561e-03 -0.00000e+00 -2.77177e-22  7.34561e-03
8.640000000e-01  7.3456070e-03  2.08528e-05  1.00000e+00  7.34561e-03 -0.00000e+00 -7.73908e-22  7.34561e-03
8.860000000e-01  7.3456070e-03  2.04176e-05  1.00000e+00  7.34561e-03 -0.00000e+00 -2.30912e-21  7.34561e-03
9.080000000e-01  7.3456070e-03  1.94408e-05  1.00000e+00  7.34561e-03 -0.00000e+00 -6.15920e-21  7.34561e-03
9.300000000e-01  7.3456070e-03  1.84757e-05  1.00000e+00  7.34561e-03 -0.00000e+00 -1.55162e-20  7.34561e-03
9.520000000e-01  7.3456070e-03  1.78708e-05  1.00000e+00  7.34561e-03 -0.00000e+00 -3.85041e-20  7.34561e-03
9.740000000e-01  7.3456070e-03  1.78311e-05  1.00000e+00  7.34561e-03 -0.00000e+00 -9.69849e-20  7.34561e-03
9.960000000e-01  7.3456070e-03  1.74168e-05  1.00000e+00  7.34561e-03 -0.00000e+00 -2.24416e-19  7.34561e-03
1.018000000e+00  7.3456070e-03  1.68546e-05  1.00000e+00  7.34561e-03 -0.00000e+00 -4.89768e-19  7.34561e-03
1.040000000e+00  7.3456070e-03  1.64064e-05  1.00000e+00  7.34561e-03 -0.00000e+00 -1.04135e-18  7.34561e-03
1.062000000e+00  7.3456070e-03  1.60510e-05  1.00000e+00  7.34561e-03 -0.00000e+00 -2.15881e-18  7.34561e-03
1.084000000e+00  7.3456070e-03  1.58995e-05  1.00000e+00  7.34561e-03 -0.00000e+00 -4.43729e-18  7.34561e-03
1.106000000e+00  7.3456070e-03  1.62071e-05  1.00000e+00  7.34561e-03 -0.00000e+00 -9.35561e-18  7.34561e-03
1.128000000e+00  7.3456070e-03  1.62706e-05  1.00000e+00  7.34561e-03 -0.00000e+00 -1.85907e-17  7.34561e-03
1.150000000e+00  7.3456070e-03  1.61819e-05  1.00000e+00  7.34561e-03 -0.00000e+00 -3.52832e-17  7.34561e-03
1.172000000e+00  7.3456070e-03  1.60560e-05  1.00000e+00  7.34561e-03 -0.00000e+00 -6.49499e-17  7.34561e-03
1.194000000e+00  7.3456070e-03  1.58854e-05  1.00000e+00  7.34561e-03 -0.00000e+00 -1.16018e-16  7.34561e-03
1.216000000e+00  7.3456070e-03  1.55077e-05  1.00000e+00  7.34561e-03 -0.00000e+00 -1.97228e-16  7.34561e-03
1.238000000e+00  7.3456070e-03  1.53248e-05  1.00000e+00  7.34561e-03 -0.00000e+00 -3.36033e-16  7.34561e-03
1.260000000e+00  7.3456070e-03  1.51675e-05  1.00000e+00  7.34561e-03 -0.00000e+00 -5.62526e-16  7.34561e-03
1.282000000e+00  7.3456070e-03  1.50251e-05  1.00000e+00  7.34561e-03 -0.00000e+00 -9.25022e-16  7.34561e-03
1.304000000e+00  7.3456070e-03  1.49608e-05  1.00000e+00  7.34561e-03 -0.00000e+00 -1.50839e-15  7.34561e-03
1.326000000e+00  7.3456070e-03  1.57270e-05  1.00000e+00  7.34561e-03 -0.00000e+00 -2.68970e-15  7.34561e-03
1.348000000e+00  7.3456070e-03  1.81463e-05  1.00000e+00  7.34561e-03 -0.00000e+00 -5.66400e-15  7.34561e-03
1.370000000e+00  7.3456070e-03  1.80250e-05  1.00000e+00  7.34561e-03 -0.00000e+00 -8.74176e-15  7.34561e-03
1.392000000e+00  7.3456070e-03  1.84018e-05  1.00000e+00  7.34561e-03 -0.00000e+00 -1.40235e-14  7.34561e-03
1.414000000e+00  7.3456070e-03  1.90044e-05  1.00000e+00  7.34561e-03 -0.00000e+00 -2.26806e-14  7.34561e-03
1.436000000e+00  7.3456070e-03  1.90981e-05  1.00000e+00  7.34561e-03 -0.00000e+00 -3.42943e-14  7.34561e-03
1.458000000e+00  7.3456070e-03  1.90146e-05  1.00000e+00  7.34561e-03 -0.00000e+00 -5.02552e-14  7.34561e-03
1.480000000e+00  7.3456070e-03  1.90198e-05  1.00000e+00  7.34561e-03 -0.00000e+00 -7.33943e-14  7.34561e-03
1.502000000e+00  7.3456070e-03  1.86738e-05  1.00000e+00  7.34561e-03 -0.00000e+00 -1.02114e-13  7.34561e-03
1.524000000e+00  7.3456070e-03  1.83632e-05  1.00000e+00  7.34561e-03 -0.00000e+00 -1.40895e-13  7.34561e-03
1.546000000e+00  7.3456070e-03  1.81510e-05  1.00000e+00  7.34561e-03 -0.00000e+00 -1.94242e-13  7.34561e-03
1.568000000e+00  7.3456070e-03  1.78136e-05  1.00000e+00  7.34561e-03 -0.00000e+00 -2.61311e-13  7.34561e-03
1.590000000e+00  7.3456070e-03  1.74144e-05  1.00000e+00  7.34561e-03 -0.00000e+00 -3.45372e-13  7.34561e-03
1.612000000e+00  7.3456070e-03  1.71586e-05  1.00000e+00  7.34561e-03 -0.00000e+00 -4.59152e-13  7.34561e-03
1.634000000e+00  7.3456070e-03  1.67598e-05  1.00000e+00  7.34561e-03 -0.00000e+00 -5.94543e-13  7.34561e-03
1.656000000e+00  7.3456070e-03  1.63810e-05  1.00000e+00  7.34561e-03 -0.00000e+00 -7.64052e-13  7.34561e-03
1.678000000e+00  7.3456070e-03  1.61818e-05  1.00000e+00  7.34561e-03 -0.00000e+00 -9.94220e-13  7.34561e-03
1.700000000e+00  7.3456070e-03  1.65292e-05  1.00000e+00  7.34561e-03 -0.00000e+00 -1.37073e-12  7.34561e-03
1.722000000e+00  7.3456070e-03  1.73844e-05  1.00000e+00  7.34561e-03 -0.00000e+00 -1.98602e-12  7.34561e-03
1.744000000e+00  7.3456070e-03  1.82036e-05  1.00000e+00  7.34561e-03 -0.00000e+00 -2.83098e-12  7.34561e-03
1.766000000e+00  7.3456070e-03  1.91596e-05  1.00000e+00  7.34561e-03 -0.00000e+00 -4.04644e-12  7.34561e-03
1.788000000e+00  7.3456070e-03  1.98956e-05  1.00000e+00  7.34561e-03 -0.00000e+00 -5.59308e-12  7.34561e-03
1.810000000e+00  7.3456070e-03  2.04902e-05  1.00000e+00  7.34561e-03 -0.00000e+00 -7.55580e-12  7.34561e-03
1.832000000e+00  7.3456070e-03  2.05284e-05  1.00000e+00  7.34561e-03 -0.00000e+00 -9.60930e-12  7.34561e-03
1.854000000e+00  7.3456070e-03  2.14798e-05  1.00000e+00  7.34561e-03 -0.00000e+00 -1.32203e-11  7.34561e-03
1.876000000e+00  7.3456070e-03  2.12842e-05  1.00000e+00  7.34561e-03 -0.00000e+00 -1.62572e-11  7.34561e-03
1.898000000e+00  7.3456070e-03  2.09223e-05  1.00000e+00  7.34561e-03 -0.00000e+00 -1.95687e-11  7.34561e-03
1.920000000e+00  7.3456070e-03  2.09109e-05  1.00000e+00  7.34561e-03 -0.00000e+00 -2.41960e-11  7.34561e-03
1.942000000e+00  7.3456070e-03  2.09582e-05  1.00000e+00  7.34561e-03 -0.00000e+00 -2.99213e-11  7.34561e-03
1.964000000e+00  7.3456070e-03  2.09355e-05  1.00000e+00  7.34561e-03 -0.00000e+00 -3.65711e-11  7.34561e-03
1.986000000e+00  7.3456070e-03  2.14476e-05  1.00000e+00  7.34561e-03 -0.00000e+00 -4.67227e-11  7.34561e-03
2.008000000e+00  7.3456069e-03  2.16588e-05  1.00000e+00  7.34561e-03 -0.00000e+00 -5.77618e-11  7.34561e-03
2.030000000e+00  7.3456069e-03  2.16587e-05  1.00000e+00  7.34561e-03 -0.00000e+00 -6.97316e-11  7.34561e-03
2.052000000e+00  7.3456069e-03  2.15576e-05  1.00000e+00  7.34561e-03 -0.00000e+00 -8.30432e-11  7.34561e-03
2.074000000e+00  7.3456069e-03  2.14948e-05  1.00000e+00  7.34561e-03 -0.00000e+00 -9.88052e-11  7.34561e-03
2.096000000e+00  7.3456069e-03  2.13049e-05  1.00000e+00  7.34561e-03 -0.00000e+00 -1.15712e-10  7.34561e-03
2.118000000e+00  7.3456069e-03  2.10719e-05  1.00000e+00  7.34561e-03 -0.00000e+00 -1.34402e-10  7.34561e-03
2.140000000e+00  7.3456068e-03  2.08374e-05  1.00000e+00  7.34561e-03 -0.00000e+00 -1.55434e-10  7.34561e-03
2.162000000e+00  7.3456068e-03  2.05427e-05  1.00000e+00  7.34561e-03 -0.00000e+00 -1.78005e-10  7.34561e-03
2.184000000e+00  7.3456068e-03  2.03438e-05  1.00000e+00  7.34561e-03 -0.00000e+00 -2.04898e-10  7.34561e-03
2.206000000e+00  7.3456068e-03  2.01488e-05  1.00000e+00  7.34561e-03 -0.00000e+00 -2.35052e-10  7.34561e-03
2.228000000e+00  7.3456067e-03  1.98944e-05  1.00000e+00  7.34561e-03 -0.00000e+00 -2.67093e-10  7.34561e-03
2.250000000e+00  7.3456067e-03  1.96963e-05  1.00000e+00  7.34561e-03 -0.00000e+00 -3.04080e-10  7.34561e-03
2.272000000e+00  7.3456066e-03  1.96775e-05  1.00000e+00  7.34561e-03 -0.00000e+00 -3.51229e-10  7.34561e-03
2.294000000e+00  7.3456066e-03  1.99108e-05  1.00000e+00  7.34561e-03 -0.00000e+00 -4.14610e-10  7.34561e-03
2.316000000e+00  7.3456065e-03  2.03922e-05  1.00000e+00  7.34561e-03 -0.00000e+00 -4.99609e-10  7.34561e-03
2.338000000e+00  7.3456064e-03  2.08797e-05  1.00000e+00  7.34561e-03 -0.00000e+00 -5.99892e-10  7.34561e-03
2.360000000e+00  7.3456063e-03  2.14751e-05  1.00000e+00  7.34561e-03 -0.00000e+00 -7.24508e-10  7.34561e-03
2.382000000e+00  7.3456061e-03  2.19194e-05  1.00000e+00  7.34561e-03 -0.00000e+00 -8.59596e-10  7.34561e-03
2.404000000e+00  7.3456059e-03  2.29257e-05  1.00000e+00  7.34561e-03 -0.00000e+00 -1.06650e-09  7.34561e-03
2.426000000e+00  7.3456057e-03  2.39398e-05  1.00000e+00  7.34561e-03 -0.00000e+00 -1.31533e-09  7.34561e-03
2.448000000e+00  7.3456054e-03  2.47121e-05  1.00000e+00  7.34561e-03 -0.00000e+00 -1.58196e-09  7.34561e-03
2.470000000e+00  7.3456051e-03  2.57869e-05  1.00000e+00  7.34561e-03 -0.00000e+00 -1.93776e-09  7.34561e-03
2.492000000e+00  7.3456047e-03  2.62850e-05  1.00000e+00  7.34560e-03 -0.00000e+00 -2.26269e-09  7.34561e-03
2.514000000e+00  7.3456043e-03  2.70838e-05  1.00000e+00  7.34560e-03 -0.00000e+00 -2.69114e-09  7.34561e-03
2.536000000e+00  7.3456039e-03  2.74305e-05  1.00000e+00  7.34560e-03 -0.00000e+00 -3.08902e-09  7.34561e-03
2.558000000e+00  7.3456035e-03  2.77219e-05  1.00000e+00  7.34560e-03 -0.00000e+00 -3.52310e-09  7.34561e-03
2.580000000e+00  7.3456031e-03  2.76687e-05  1.00000e+00  7.34560e-03 -0.00000e+00 -3.91431e-09  7.34561e-03
2.602000000e+00  7.3456027e-03  2.75014e-05  1.00000e+00  7.34560e-03 -0.00000e+00 -4.30529e-09  7.34561e-03
2.624000000e+00  7.3456022e-03  2.75156e-05  1.00000e+00  7.34560e-03 -0.00000e+00 -4.78565e-09  7.34561e-03
2.646000000e+00  7.3456018e-03  2.72577e-05  1.00000e+00  7.34560e-03 -0.00000e+00 -5.20843e-09  7.34561e-03
2.668000000e+00  7.3456012e-03  2.73581e-05  1.00000e+00  7.34560e-03 -0.00000e+00 -5.80165e-09  7.34561e-03
2.690000000e+00  7.3456003e-03  2.79820e-05  1.00000e+00  7.34560e-03 -0.00000e+00 -6.68815e-09  7.34561e-03
2.712000000e+00  7.3455993e-03  2.87109e-05  1.00000e+00  7.34560e-03 -0.00000e+00 -7.74198e-09  7.34561e-03
2.734000000e+00  7.3455982e-03  2.91980e-05  1.00000e+00  7.34560e-03 -0.00000e+00 -8.79382e-09  7.34561e-03
2.756000000e+00  7.3455973e-03  2.93173e-05  1.00000e+00  7.34560e-03 -0.00000e+00 -9.73042e-09  7.34561e-03
2.778000000e+00  7.3455960e-03  2.97903e-05  1.00000e+00  7.34560e-03 -0.00000e+00 -1.09959e-08  7.34561e-03
2.800000000e+00  7.3455949e-03  2.98662e-05  1.00000e+00  7.34559e-03 -0.00000e+00 -1.20899e-08  7.34561e-03
2.822000000e+00  7.3455935e-03  3.01787e-05  1.00000e+00  7.34559e-03 -0.00000e+00 -1.34715e-08  7.34561e-03
2.844000000e+00  7.3455918e-03  3.06895e-05  1.00000e+00  7.34559e-03 -0.00000e+00 -1.51700e-08  7.34561e-03
2.866000000e+00  7.3455907e-03  3.04677e-05  1.00000e+00  7.34559e-03 -0.00000e+00 -1.62916e-08  7.34561e-03
2.888000000e+00  7.3455892e-03  3.05392e-05  1.00000e+00  7.34559e-03 -0.00000e+00 -1.77920e-08  7.34561e-03
2.910000000e+00  7.3455870e-03  3.11010e-05  1.00000e+00  7.34559e-03 -0.00000e+00 -1.99974e-08  7.34561e-03
2.932000000e+00  7.3455852e-03  3.12198e-05  1.00000e+00  7.34559e-03 -0.00000e+00 -2.18354e-08  7.34561e-03
2.954000000e+00  7.3455830e-03  3.14954e-05  1.00000e+00  7.34558e-03 -0.00000e+00 -2.40258e-08  7.34561e-03
2.976000000e+00  7.3455809e-03  3.15744e-05  1.00000e+00  7.34558e-03 -0.00000e+00 -2.60756e-08  7.34561e-03
2.998000000e+00  7.3455783e-03  3.18856e-05  1.00000e+00  7.34558e-03 -0.00000e+00 -2.86556e-08  7.34561e-03
3.020000000e+00  7.3455762e-03  3.18705e-05  1.00000e+00  7.34558e-03 -0.00000e+00 -3.08414e-08  7.34561e-03
3.042000000e+00  7.3455735e-03  3.20119e-05  1.00000e+00  7.34557e-03 -0.00000e+00 -3.34596e-08  7.34561e-03
3.064000000e+00  7.3455711e-03  3.19906e-05  1.00000e+00  7.34557e-03 -0.00000e+00 -3.59061e-08  7.34561e-03
3.086000000e+00  7.3455683e-03  3.20566e-05  1.00000e+00  7.34557e-03 -0.00000e+00 -3.86823e-08  7.34561e-03
3.108000000e+00  7.3455655e-03  3.20929e-05  1.00000e+00  7.34557e-03 -0.00000e+00 -4.15493e-08  7.34561e-03
3.130000000e+00  7.3455625e-03  3.21174e-05  1.00000e+00  7.34556e-03 -0.00000e+00 -4.45447e-08  7.34561e-03
3.152000000e+00  7.3455590e-03  3.22341e-05  1.00000e+00  7.34556e-03 -0.00000e+00 -4.79587e-08  7.34561e-03
3.174000000e+00  7.3455557e-03  3.22490e-05  1.00000e+00  7.34556e-03 -0.00000e+00 -5.12684e-08  7.34561e-03
3.196000000e+00  7.3455518e-03  3.23969e-05  1.00000e+00  7.34555e-03 -0.00000e+00 -5.51709e-08  7.34561e-03
3.218000000e+00  7.3455486e-03  3.22807e-05  1.00000e+00  7.34555e-03 -0.00000e+00 -5.84012e-08  7.34561e-03
3.240000000e+00  7.3455449e-03  3.22622e-05  1.00000e+00  7.34554e-03 -0.00000e+00 -6.21071e-08  7.34561e-03
3.262000000e+00  7.3455417e-03  3.20560e-05  1.00000e+00  7.34554e-03 -0.00000e+00 -6.52595e-08  7.34561e-03
3.284000000e+00  7.3455365e-03  3.23410e-05  1.00000e+00  7.34554e-03 -0.00000e+00 -7.04941e-08  7.34561e-03
3.306000000e+00  7.3455327e-03  3.22295e-05  1.00000e+00  7.34553e-03 -0.00000e+00 -7.43355e-08  7.34561e-03
3.328000000e+00  7.3455284e-03  3.21918e-05  1.00000e+00  7.34553e-03 -0.00000e+00 -7.86461e-08  7.34561e-03
3.350000000e+00  7.3455229e-03  3.23574e-05  1.00000e+00  7.34552e-03 -0.00000e+00 -8.41139e-08  7.34561e-03
3.372000000e+00  7.3455183e-03  3.22951e-05  1.00000e+00  7.34552e-03 -0.00000e+00 -8.86971e-08  7.34561e-03
3.394000000e+00  7.3455128e-03  3.23654e-05  1.00000e+00  7.34551e-03 -0.00000e+00 -9.41641e-08  7.34561e-03
3.416000000e+00  7.3455077e-03  3.23308e-05  1.00000e+00  7.34551e-03 -0.00000e+00 -9.92739e-08  7.34561e-03
3.438000000e+00  7.3455012e-03  3.25027e-05  1.00000e+00  7.34550e-03 -0.00000e+00 -1.05820e-07  7.34561e-03
3.460000000e+00  7.3454959e-03  3.24261e-05  1.00000e+00  7.34550e-03 -0.00000e+00 -1.11101e-07  7.34561e-03
3.482000000e+00  7.3454892e-03  3.25402e-05  1.00000e+00  7.34549e-03 -0.00000e+00 -1.17829e-07  7.34561e-03
3.504000000e+00  7.3454837e-03  3.24384e-05  1.00000e+00  7.34548e-03 -0.00000e+00 -1.23325e-07  7.34561e-03
3.526000000e+00  7.3454752e-03  3.27161e-05  1.00000e+00  7.34548e-03 -0.00000e+00 -1.31799e-07  7.34561e-03
3.548000000e+00  7.3454684e-03  3.27306e-05  1.00000e+00  7.34547e-03 -0.00000e+00 -1.38643e-07  7.34561e-03
3.570000000e+00  7.3454611e-03  3.27625e-05  1.00000e+00  7.34546e-03 -0.00000e+00 -1.45872e-07  7.34561e-03
3.592000000e+00  7.3454528e-03  3.28876e-05  1.00000e+00  7.34545e-03 -0.00000e+00 -1.54167e-07  7.34561e-03
3.614000000e+00  7.3454464e-03  3.27724e-05  1.00000e+00  7.34545e-03 -0.00000e+00 -1.60620e-07  7.34561e-03
3.636000000e+00  7.3454380e-03  3.28499e-05  1.00000e+00  7.34544e-03 -0.00000e+00 -1.69047e-07  7.34561e-03
3.658000000e+00  7.3454274e-03  3.31125e-05  1.00000e+00  7.34543e-03 -0.00000e+00 -1.79635e-07  7.34561e-03
3.680000000e+00  7.3454192e-03  3.31008e-05  1.00000e+00  7.34542e-03 -0.00000e+00 -1.87840e-07  7.34561e-03
3.702000000e+00  7.3454103e-03  3.31302e-05  1.00000e+00  7.34541e-03 -0.00000e+00 -1.96735e-07  7.34561e-03
3.724000000e+00  7.3454008e-03  3.31888e-05  1.00000e+00  7.34540e-03 -0.00000e+00 -2.06243e-07  7.34561e-03
3.746000000e+00  7.3453915e-03  3.32016e-05  1.00000e+00  7.34539e-03 -0.00000e+00 -2.15516e-07  7.34561e-03
3.768000000e+00  7.3453812e-03  3.32716e-05  1.00000e+00  7.34538e-03 -0.00000e+00 -2.25772e-07  7.34561e-03
3.790000000e+00  7.3453729e-03  3.31709e-05  1.00000e+00  7.34537e-03 -0.00000e+00 -2.34141e-07  7.34561e-03
3.812000000e+00  7.3453598e-03  3.34063e-05  1.00000e+00  7.34536e-03 -0.00000e+00 -2.47210e-07  7.34561e-03
3.834000000e+00  7.3453466e-03  3.36123e-05  1.00000e+00  7.34535e-03 -0.00000e+00 -2.60399e-07  7.34561e-03
3.856000000e+00  7.3453361e-03  3.36035e-05  1.00000e+00  7.34534e-03 -0.00000e+00 -2.70920e-07  7.34561e-03
3.878000000e+00  7.3453240e-03  3.36799e-05  1.00000e+00  7.34532e-03 -0.00000e+00 -2.83005e-07  7.34561e-03
3.900000000e+00  7.3453063e-03  3.40867e-05  1.00000e+00  7.34531e-03 -0.00000e+00 -3.00749e-07  7.34561e-03
3.922000000e+00  7.3452929e-03  3.41825e-05  1.00000e+00  7.34529e-03 -0.00000e+00 -3.14096e-07  7.34561e-03
3.944000000e+00  7.3452761e-03  3.44539e-05  1.00000e+00  7.34528e-03 -0.00000e+00 -3.30900e-07  7.34561e-03
3.966000000e+00  7.3452579e-03  3.47686e-05  1.00000e+00  7.34526e-03 -0.00000e+00 -3.49144e-07  7.34561e-03
3.988000000e+00  7.3452300e-03  3.55466e-05  1.00000e+00  7.34523e-03 -0.00000e+00 -3.76953e-07  7.34561e-03
4.010000000e+00  7.3452145e-03  3.56331e-05  1.00000e+00  7.34521e-03 -0.00000e+00 -3.92502e-07  7.34561e-03
4.032000000e+00  7.3451902e-03  3.61223e-05  1.00000e+00  7.34519e-03 -0.00000e+00 -4.16792e-07  7.34561e-03
4.054000000e+00  7.3451621e-03  3.67376e-05  1.00000e+00  7.34516e-03 -0.00000e+00 -4.44902e-07  7.34561e-03
4.076000000e+00  7.3451301e-03  3.74628e-05  1.00000e+00  7.34513e-03 -0.00000e+00 -4.76856e-07  7.34561e-03
4.098000000e+00  7.3451093e-03  3.76515e-05  1.00000e+00  7.34511e-03 -0.00000e+00 -4.97733e-07  7.34561e-03
4.120000000e+00  7.3450811e-03  3.81120e-05  1.00000e+00  7.34508e-03 -0.00000e+00 -5.25877e-07  7.34561e-03
4.142000000e+00  7.3450599e-03  3.82563e-05  1.00000e+00  7.34506e-03 -0.00000e+00 -5.47118e-07  7.34561e-03
4.164000000e+00  7.3450206e-03  3.90646e-05  1.00000e+00  7.34502e-03 -0.00000e+00 -5.86420e-07  7.34561e-03
4.186000000e+00  7.3450028e-03  3.90202e-05  1.00000e+00  7.34500e-03 -0.00000e+00 -6.04224e-07  7.34561e-03
4.208000000e+00  7.3449666e-03  3.96164e-05  1.00000e+00  7.34497e-03 -0.00000e+00 -6.40386e-07  7.34561e-03
4.230000000e+00  7.3449485e-03  3.95453e-05  1.00000e+00  7.34495e-03 -0.00000e+00 -6.58458e-07  7.34561e-03
4.252000000e+00  7.3448965e-03  4.05881e-05  1.00000e+00  7.34490e-03 -0.00000e+00 -7.10502e-07  7.34561e-03
4.274000000e+00  7.3448739e-03  4.06186e-05  1.00000e+00  7.34487e-03 -0.00000e+00 -7.33141e-07  7.34561e-03
4.296000000e+00  7.3448359e-03  4.11076e-05  1.00000e+00  7.34484e-03 -0.00000e+00 -7.71076e-07  7.34561e-03
4.318000000e+00  7.3448043e-03  4.13686e-05  1.00000e+00  7.34480e-03 -0.00000e+00 -8.02676e-07  7.34561e-03
4.340000000e+00  7.3447626e-03  4.18970e-05  1.00000e+00  7.34476e-03 -0.00000e+00 -8.44433e-07  7.34561e-03
4.362000000e+00  7.3447233e-03  4.23155e-05  1.00000e+00  7.34472e-03 -0.00000e+00 -8.83711e-07  7.34561e-03
4.384000000e+00  7.3446800e-03  4.28076e-05  1.00000e+00  7.34468e-03 -0.00000e+00 -9.26964e-07  7.34561e-03
4.406000000e+00  7.3446351e-03  4.33053e-05  1.00000e+00  7.34464e-03 -0.00000e+00 -9.71860e-07  7.34561e-03
4.428000000e+00  7.3445722e-03  4.42215e-05  1.00000e+00  7.34457e-03 -0.00000e+00 -1.03484e-06  7.34561e-03
4.450000000e+00  7.3445513e-03  4.40483e-05  1.00000e+00  7.34455e-03 -0.00000e+00 -1.05574e-06  7.34561e-03
4.472000000e+00  7.3444963e-03  4.46879e-05  1.00000e+00  7.34450e-03 -0.00000e+00 -1.11072e-06  7.34561e-03
4.494000000e+00  7.3444537e-03  4.49978e-05  1.00000e+00  7.34445e-03 -0.00000e+00 -1.15328e-06  7.34561e-03
4.516000000e+00  7.3444131e-03  4.52411e-05  1.00000e+00  7.34441e-03 -0.00000e+00 -1.19392e-06  7.34561e-03
4.538000000e+00  7.3443624e-03  4.56855e-05  1.00000e+00  7.34436e-03 -0.00000e+00 -1.24465e-06  7.34561e-03
4.560000000e+00  7.3442995e-03  4.63581e-05  1.00000e+00  7.34430e-03 -0.00000e+00 -1.30754e-06  7.34561e-03
4.582000000e+00  7.3442717e-03  4.62641e-05  1.00000e+00  7.34427e-03 -0.00000e+00 -1.33533e-06  7.34561e-03
4.604000000e+00  7.3441942e-03  4.71693e-05  1.00000e+00  7.34419e-03 -0.00000e+00 -1.41280e-06  7.34561e-03
4.626000000e+00  7.3441415e-03  4.75365e-05  1.00000e+00  7.34414e-03 -0.00000e+00 -1.46546e-06  7.34561e-03
4.648000000e+00  7.3440875e-03  4.79075e-05  1.00000e+00  7.34409e-03 -0.00000e+00 -1.51955e-06  7.34561e-03
4.670000000e+00  7.3440199e-03  4.85050e-05  1.00000e+00  7.34402e-03 -0.00000e+00 -1.58709e-06  7.34561e-03
4.692000000e+00  7.3439885e-03  4.84134e-05  1.00000e+00  7.34399e-03 -0.00000e+00 -1.61847e-06  7.34561e-03
4.714000000e+00  7.3439155e-03  4.90589e-05  1.00000e+00  7.34392e-03 -0.00000e+00 -1.69151e-06  7.34561e-03
4.736000000e+00  7.3438560e-03  4.94348e-05  1.00000e+00  7.34386e-03 -0.00000e+00 -1.75095e-06  7.34561e-03
4.758000000e+00  7.3437790e-03  5.00854e-05  1.00000e+00  7.34378e-03 -0.00000e+00 -1.82799e-06  7.34561e-03
4.780000000e+00  7.3436942e-03  5.08285e-05  1.00000e+00  7.34369e-03 -0.00000e+00 -1.91275e-06  7.34561e-03
4.802000000e+00  7.3436470e-03  5.09331e-05  1.00000e+00  7.34365e-03 -0.00000e+00 -1.96002e-06  7.34561e-03
4.824000000e+00  7.3435793e-03  5.13503e-05  1.00000e+00  7.34358e-03 -0.00000e+00 -2.02774e-06  7.34561e-03
4.846000000e+00  7.3434898e-03  5.20790e-05  1.00000e+00  7.34349e-03 -0.00000e+00 -2.11718e-06  7.34561e-03
4.868000000e+00  7.3434042e-03  5.27154e-05  1.00000e+00  7.34340e-03 -0.00000e+00 -2.20281e-06  7.34561e-03
4.890000000e+00  7.3433454e-03  5.29289e-05  1.00000e+00  7.34335e-03 -0.00000e+00 -2.26160e-06  7.34561e-03
4.912000000e+00  7.3433059e-03  5.28536e-05  1.00000e+00  7.34331e-03 -0.00000e+00 -2.30111e-06  7.34561e-03
4.934000000e+00  7.3431789e-03  5.40087e-05  1.00000e+00  7.34318e-03 -0.00000e+00 -2.42808e-06  7.34561e-03
4.956000000e+00  7.3430704e-03  5.48581e-05  1.00000e+00  7.34307e-03 -0.00000e+00 -2.53655e-06  7.34561e-03
4.978000000e+00  7.3430278e-03  5.47868e-05  1.00000e+00  7.34303e-03 -0.00000e+00 -2.57923e-06  7.34561e-03
5.000000000e+00  7.3429126e-03  5.56718e-05  1.00000e+00  7.34291e-03 -0.00000e+00 -2.69438e-06  7.34561e-03
5.022000000e+00  7.3427481e-03  5.71546e-05  1.00000e+00  7.34275e-03 -0.00000e+00 -2.85891e-06  7.34561e-03
5.044000000e+00  7.3427471e-03  5.65135e-05  1.00000e+00  7.34275e-03 -0.00000e+00 -2.85985e-06  7.34561e-03
5.066000000e+00  7.3426393e-03  5.72207e-05  1.00000e+00  7.34264e-03 -0.00000e+00 -2.96774e-06  7.34561e-03
5.088000000e+00  7.3425069e-03  5.81979e-05  1.00000e+00  7.34251e-03 -0.00000e+00 -3.10012e-06  7.34561e-03
5.110000000e+00  7.3424360e-03  5.84041e-05  1.00000e+00  7.34244e-03 -0.00000e+00 -3.17099e-06  7.34561e-03
5.132000000e+00  7.3423165e-03  5.91724e-05  1.00000e+00  7.34232e-03 -0.00000e+00 -3.29054e-06  7.34561e-03
5.154000000e+00  7.3421967e-03  5.99142e-05  1.00000e+00  7.34220e-03 -0.00000e+00 -3.41025e-06  7.34561e-03
5.176000000e+00  7.3421026e-03  6.03406e-05  1.00000e+00  7.34210e-03 -0.00000e+00 -3.50437e-06  7.34561e-03
5.198000000e+00  7.3420345e-03  6.04637e-05  1.00000e+00  7.34203e-03 -0.00000e+00 -3.57254e-06  7.34561e-03
5.220000000e+00  7.3418979e-03  6.13287e-05  1.00000e+00  7.34190e-03 -0.00000e+00 -3.70908e-06  7.34561e-03
5.242000000e+00  7.3417592e-03  6.21881e-05  1.00000e+00  7.34176e-03 -0.00000e+00 -3.84784e-06  7.34561e-03
5.264000000e+00  7.3417156e-03  6.20151e-05  1.00000e+00  7.34172e-03 -0.00000e+00 -3.89139e-06  7.34561e-03
5.286000000e+00  7.3414979e-03  6.36546e-05  1.00000e+00  7.34150e-03 -0.00000e+00 -4.10911e-06  7.34561e-03
