# ------------------------------------------------------------------------
# Radiance spectrum
# NASA-GSFC Planetary Spectrum Generator (PSG) (Villanueva et al. 2018, 2022)
# Synthesized on Tue Jun  6 08:25:06 2023
# Doppler velocities [km/s] (vobs,vrot+vorb,vwidth,vrfl,vstr): -21.10000,-0.00000,0.15000,0.00000,0.00000
# ------------------------------------------------------------------------
# Spectra synthesized with the Planetary and Universal Model of Atmospheric Scattering (PUMAS, Villanueva et al. 2018, 2022)
# Single scattering radiative transfer method
# ------------------------------------------------------------------------
# Spectral unit: Wavelength [um]
# Radiance unit: Contrast [radiance ratio w.r.t. parent star]
# Wave/freq Total Noise Stellar TRAPPIST-1C Transit
6.000000000e-01  7.4062162e-03  1.37324e-04  1.00000e+00  7.40622e-03  7.40622e-03
6.220000000e-01  7.4048331e-03  1.25500e-04  1.00000e+00  7.40483e-03  7.40483e-03
6.440000000e-01  7.4035703e-03  9.81230e-05  1.00000e+00  7.40357e-03  7.40357e-03
6.660000000e-01  7.4024219e-03  1.00650e-04  1.00000e+00  7.40242e-03  7.40242e-03
6.880000000e-01  7.4013727e-03  8.79623e-05  1.00000e+00  7.40137e-03  7.40137e-03
7.100000000e-01  7.4005493e-03  8.29256e-05  1.00000e+00  7.40055e-03  7.40055e-03
7.320000000e-01  7.3995868e-03  6.14844e-05  1.00000e+00  7.39959e-03  7.39959e-03
7.540000000e-01  7.3988159e-03  4.93169e-05  1.00000e+00  7.39882e-03  7.39882e-03
7.760000000e-01  7.3985833e-03  5.96349e-05  1.00000e+00  7.39858e-03  7.39858e-03
7.980000000e-01  7.3976018e-03  4.76768e-05  1.00000e+00  7.39760e-03  7.39760e-03
8.200000000e-01  7.3969744e-03  4.38307e-05  1.00000e+00  7.39697e-03  7.39697e-03
8.420000000e-01  7.3964611e-03  4.54202e-05  1.00000e+00  7.39646e-03  7.39646e-03
8.640000000e-01  7.3970838e-03  4.16462e-05  1.00000e+00  7.39708e-03  7.39708e-03
8.860000000e-01  7.3956867e-03  4.07792e-05  1.00000e+00  7.39569e-03  7.39569e-03
9.080000000e-01  7.3953439e-03  3.88327e-05  1.00000e+00  7.39534e-03  7.39534e-03
9.300000000e-01  7.3954940e-03  3.69091e-05  1.00000e+00  7.39549e-03  7.39549e-03
9.520000000e-01  7.3946534e-03  3.57029e-05  1.00000e+00  7.39465e-03  7.39465e-03
9.740000000e-01  7.3944239e-03  3.56238e-05  1.00000e+00  7.39442e-03  7.39442e-03
9.960000000e-01  7.3941512e-03  3.47977e-05  1.00000e+00  7.39415e-03  7.39415e-03
1.018000000e+00  7.3939230e-03  3.36763e-05  1.00000e+00  7.39392e-03  7.39392e-03
1.040000000e+00  7.3964922e-03  3.27824e-05  1.00000e+00  7.39649e-03  7.39649e-03
1.062000000e+00  7.3973170e-03  3.20732e-05  1.00000e+00  7.39732e-03  7.39732e-03
1.084000000e+00  7.3938494e-03  3.17711e-05  1.00000e+00  7.39385e-03  7.39385e-03
1.106000000e+00  7.3941612e-03  3.23848e-05  1.00000e+00  7.39416e-03  7.39416e-03
1.128000000e+00  7.3948331e-03  3.25115e-05  1.00000e+00  7.39483e-03  7.39483e-03
1.150000000e+00  7.3936558e-03  3.23346e-05  1.00000e+00  7.39366e-03  7.39366e-03
1.172000000e+00  7.3929243e-03  3.20832e-05  1.00000e+00  7.39292e-03  7.39292e-03
1.194000000e+00  7.3964412e-03  3.17430e-05  1.00000e+00  7.39644e-03  7.39644e-03
1.216000000e+00  7.4133763e-03  3.09889e-05  1.00000e+00  7.41338e-03  7.41338e-03
1.238000000e+00  7.4009957e-03  3.06243e-05  1.00000e+00  7.40100e-03  7.40100e-03
1.260000000e+00  7.3969951e-03  3.03104e-05  1.00000e+00  7.39700e-03  7.39700e-03
1.282000000e+00  7.3984726e-03  3.00261e-05  1.00000e+00  7.39847e-03  7.39847e-03
1.304000000e+00  7.3988623e-03  2.98980e-05  1.00000e+00  7.39886e-03  7.39886e-03
1.326000000e+00  7.3994261e-03  3.14267e-05  1.00000e+00  7.39943e-03  7.39943e-03
1.348000000e+00  7.3991034e-03  3.62522e-05  1.00000e+00  7.39910e-03  7.39910e-03
1.370000000e+00  7.3953033e-03  3.60104e-05  1.00000e+00  7.39530e-03  7.39530e-03
1.392000000e+00  7.3931227e-03  3.67618e-05  1.00000e+00  7.39312e-03  7.39312e-03
1.414000000e+00  7.3922744e-03  3.79629e-05  1.00000e+00  7.39227e-03  7.39227e-03
1.436000000e+00  7.4350858e-03  3.81489e-05  1.00000e+00  7.43509e-03  7.43509e-03
1.458000000e+00  7.4068941e-03  3.79832e-05  1.00000e+00  7.40689e-03  7.40689e-03
1.480000000e+00  7.4087070e-03  3.79934e-05  1.00000e+00  7.40871e-03  7.40871e-03
1.502000000e+00  7.3995601e-03  3.73038e-05  1.00000e+00  7.39956e-03  7.39956e-03
1.524000000e+00  7.4131040e-03  3.66844e-05  1.00000e+00  7.41310e-03  7.41310e-03
1.546000000e+00  7.4064332e-03  3.62614e-05  1.00000e+00  7.40643e-03  7.40643e-03
1.568000000e+00  7.4273471e-03  3.55883e-05  1.00000e+00  7.42735e-03  7.42735e-03
1.590000000e+00  7.4182026e-03  3.47926e-05  1.00000e+00  7.41820e-03  7.41820e-03
1.612000000e+00  7.4290905e-03  3.42821e-05  1.00000e+00  7.42909e-03  7.42909e-03
1.634000000e+00  7.4187675e-03  3.34869e-05  1.00000e+00  7.41877e-03  7.41877e-03
1.656000000e+00  7.4138912e-03  3.27313e-05  1.00000e+00  7.41389e-03  7.41389e-03
1.678000000e+00  7.4039295e-03  3.23342e-05  1.00000e+00  7.40393e-03  7.40393e-03
1.700000000e+00  7.3976778e-03  3.30272e-05  1.00000e+00  7.39768e-03  7.39768e-03
1.722000000e+00  7.3939951e-03  3.47330e-05  1.00000e+00  7.39400e-03  7.39400e-03
1.744000000e+00  7.3921037e-03  3.63665e-05  1.00000e+00  7.39210e-03  7.39210e-03
1.766000000e+00  7.3950447e-03  3.82723e-05  1.00000e+00  7.39504e-03  7.39504e-03
1.788000000e+00  7.3952752e-03  3.97391e-05  1.00000e+00  7.39528e-03  7.39528e-03
1.810000000e+00  7.3930309e-03  4.09238e-05  1.00000e+00  7.39303e-03  7.39303e-03
1.832000000e+00  7.3917836e-03  4.10000e-05  1.00000e+00  7.39178e-03  7.39178e-03
1.854000000e+00  7.3925581e-03  4.28950e-05  1.00000e+00  7.39256e-03  7.39256e-03
1.876000000e+00  7.4187061e-03  4.25050e-05  1.00000e+00  7.41871e-03  7.41871e-03
1.898000000e+00  7.4140953e-03  4.17843e-05  1.00000e+00  7.41410e-03  7.41410e-03
1.920000000e+00  7.4030373e-03  4.17617e-05  1.00000e+00  7.40304e-03  7.40304e-03
1.942000000e+00  7.4435900e-03  4.18552e-05  1.00000e+00  7.44359e-03  7.44359e-03
1.964000000e+00  7.4535290e-03  4.18098e-05  1.00000e+00  7.45353e-03  7.45353e-03
1.986000000e+00  7.4373713e-03  4.28301e-05  1.00000e+00  7.43737e-03  7.43737e-03
2.008000000e+00  7.4648980e-03  4.32501e-05  1.00000e+00  7.46490e-03  7.46490e-03
2.030000000e+00  7.4533720e-03  4.32501e-05  1.00000e+00  7.45337e-03  7.45337e-03
2.052000000e+00  7.4525450e-03  4.30487e-05  1.00000e+00  7.45254e-03  7.45255e-03
2.074000000e+00  7.4505510e-03  4.29237e-05  1.00000e+00  7.45055e-03  7.45055e-03
2.096000000e+00  7.4405470e-03  4.25458e-05  1.00000e+00  7.44055e-03  7.44055e-03
2.118000000e+00  7.4246027e-03  4.20821e-05  1.00000e+00  7.42460e-03  7.42460e-03
2.140000000e+00  7.4168371e-03  4.16150e-05  1.00000e+00  7.41684e-03  7.41684e-03
2.162000000e+00  7.4180966e-03  4.10279e-05  1.00000e+00  7.41810e-03  7.41810e-03
2.184000000e+00  7.4046410e-03  4.06320e-05  1.00000e+00  7.40464e-03  7.40464e-03
2.206000000e+00  7.3982093e-03  4.02436e-05  1.00000e+00  7.39821e-03  7.39821e-03
2.228000000e+00  7.3951252e-03  3.97366e-05  1.00000e+00  7.39513e-03  7.39513e-03
2.250000000e+00  7.3942031e-03  3.93420e-05  1.00000e+00  7.39420e-03  7.39420e-03
2.272000000e+00  7.3938473e-03  3.93046e-05  1.00000e+00  7.39385e-03  7.39385e-03
2.294000000e+00  7.3925477e-03  3.97694e-05  1.00000e+00  7.39255e-03  7.39255e-03
2.316000000e+00  7.3916772e-03  4.07287e-05  1.00000e+00  7.39168e-03  7.39168e-03
2.338000000e+00  7.3914920e-03  4.16998e-05  1.00000e+00  7.39149e-03  7.39149e-03
2.360000000e+00  7.3917996e-03  4.28857e-05  1.00000e+00  7.39180e-03  7.39180e-03
2.382000000e+00  7.3929728e-03  4.37705e-05  1.00000e+00  7.39297e-03  7.39297e-03
2.404000000e+00  7.3930194e-03  4.57740e-05  1.00000e+00  7.39302e-03  7.39302e-03
2.426000000e+00  7.3915055e-03  4.77924e-05  1.00000e+00  7.39151e-03  7.39151e-03
2.448000000e+00  7.3915354e-03  4.93287e-05  1.00000e+00  7.39154e-03  7.39154e-03
2.470000000e+00  7.3950583e-03  5.14664e-05  1.00000e+00  7.39506e-03  7.39506e-03
2.492000000e+00  7.4100536e-03  5.24561e-05  1.00000e+00  7.41005e-03  7.41005e-03
2.514000000e+00  7.4056171e-03  5.40441e-05  1.00000e+00  7.40562e-03  7.40562e-03
2.536000000e+00  7.3992136e-03  5.47332e-05  1.00000e+00  7.39921e-03  7.39921e-03
2.558000000e+00  7.3981575e-03  5.53122e-05  1.00000e+00  7.39816e-03  7.39816e-03
2.580000000e+00  7.4088792e-03  5.52062e-05  1.00000e+00  7.40888e-03  7.40888e-03
2.602000000e+00  7.4166640e-03  5.48736e-05  1.00000e+00  7.41666e-03  7.41666e-03
2.624000000e+00  7.4170630e-03  5.49018e-05  1.00000e+00  7.41706e-03  7.41706e-03
2.646000000e+00  7.4177330e-03  5.43894e-05  1.00000e+00  7.41773e-03  7.41773e-03
2.668000000e+00  7.4766196e-03  5.45873e-05  1.00000e+00  7.47662e-03  7.47662e-03
2.690000000e+00  7.4912485e-03  5.58264e-05  1.00000e+00  7.49125e-03  7.49125e-03
2.712000000e+00  7.4851774e-03  5.72743e-05  1.00000e+00  7.48518e-03  7.48518e-03
2.734000000e+00  7.4768864e-03  5.82417e-05  1.00000e+00  7.47689e-03  7.47689e-03
2.756000000e+00  7.4844423e-03  5.84784e-05  1.00000e+00  7.48444e-03  7.48444e-03
2.778000000e+00  7.4866852e-03  5.94174e-05  1.00000e+00  7.48669e-03  7.48669e-03
2.800000000e+00  7.4834780e-03  5.95682e-05  1.00000e+00  7.48348e-03  7.48348e-03
2.822000000e+00  7.4775589e-03  6.01886e-05  1.00000e+00  7.47756e-03  7.47756e-03
2.844000000e+00  7.4686167e-03  6.12026e-05  1.00000e+00  7.46862e-03  7.46862e-03
2.866000000e+00  7.4567476e-03  6.07628e-05  1.00000e+00  7.45675e-03  7.45675e-03
2.888000000e+00  7.4418227e-03  6.09051e-05  1.00000e+00  7.44182e-03  7.44182e-03
2.910000000e+00  7.4247373e-03  6.20203e-05  1.00000e+00  7.42474e-03  7.42474e-03
2.932000000e+00  7.4111926e-03  6.22563e-05  1.00000e+00  7.41119e-03  7.41119e-03
2.954000000e+00  7.4168597e-03  6.28016e-05  1.00000e+00  7.41686e-03  7.41686e-03
2.976000000e+00  7.4269715e-03  6.29555e-05  1.00000e+00  7.42697e-03  7.42697e-03
2.998000000e+00  7.4171217e-03  6.35704e-05  1.00000e+00  7.41712e-03  7.41712e-03
3.020000000e+00  7.4217119e-03  6.35378e-05  1.00000e+00  7.42171e-03  7.42171e-03
3.042000000e+00  7.4120087e-03  6.38158e-05  1.00000e+00  7.41201e-03  7.41201e-03
3.064000000e+00  7.4049592e-03  6.37713e-05  1.00000e+00  7.40496e-03  7.40496e-03
3.086000000e+00  7.3981636e-03  6.38996e-05  1.00000e+00  7.39816e-03  7.39817e-03
3.108000000e+00  7.4045378e-03  6.39687e-05  1.00000e+00  7.40454e-03  7.40454e-03
3.130000000e+00  7.4080369e-03  6.40145e-05  1.00000e+00  7.40804e-03  7.40804e-03
3.152000000e+00  7.4075533e-03  6.42430e-05  1.00000e+00  7.40755e-03  7.40756e-03
3.174000000e+00  7.4096653e-03  6.42697e-05  1.00000e+00  7.40967e-03  7.40967e-03
3.196000000e+00  7.4008482e-03  6.45602e-05  1.00000e+00  7.40085e-03  7.40086e-03
3.218000000e+00  7.3999023e-03  6.43272e-05  1.00000e+00  7.39990e-03  7.39992e-03
3.240000000e+00  7.3943375e-03  6.42881e-05  1.00000e+00  7.39434e-03  7.39437e-03
3.262000000e+00  7.3924661e-03  6.38771e-05  1.00000e+00  7.39247e-03  7.39250e-03
3.284000000e+00  7.3918063e-03  6.44385e-05  1.00000e+00  7.39181e-03  7.39184e-03
3.306000000e+00  7.3919653e-03  6.42150e-05  1.00000e+00  7.39197e-03  7.39200e-03
3.328000000e+00  7.3950873e-03  6.41376e-05  1.00000e+00  7.39509e-03  7.39512e-03
3.350000000e+00  7.3992772e-03  6.44624e-05  1.00000e+00  7.39928e-03  7.39930e-03
3.372000000e+00  7.3949877e-03  6.43364e-05  1.00000e+00  7.39499e-03  7.39502e-03
3.394000000e+00  7.3924056e-03  6.44727e-05  1.00000e+00  7.39241e-03  7.39246e-03
3.416000000e+00  7.3915843e-03  6.44014e-05  1.00000e+00  7.39158e-03  7.39166e-03
3.438000000e+00  7.3920354e-03  6.47385e-05  1.00000e+00  7.39204e-03  7.39212e-03
3.460000000e+00  7.3916806e-03  6.45841e-05  1.00000e+00  7.39168e-03  7.39179e-03
3.482000000e+00  7.3913825e-03  6.48070e-05  1.00000e+00  7.39138e-03  7.39150e-03
3.504000000e+00  7.3916568e-03  6.46028e-05  1.00000e+00  7.39166e-03  7.39177e-03
3.526000000e+00  7.3941435e-03  6.51488e-05  1.00000e+00  7.39414e-03  7.39417e-03
3.548000000e+00  7.3988582e-03  6.51743e-05  1.00000e+00  7.39886e-03  7.39888e-03
3.570000000e+00  7.4043992e-03  6.52341e-05  1.00000e+00  7.40440e-03  7.40442e-03
3.592000000e+00  7.4079357e-03  6.54782e-05  1.00000e+00  7.40794e-03  7.40796e-03
3.614000000e+00  7.4097401e-03  6.52475e-05  1.00000e+00  7.40974e-03  7.40976e-03
3.636000000e+00  7.4072036e-03  6.53976e-05  1.00000e+00  7.40720e-03  7.40723e-03
3.658000000e+00  7.4029490e-03  6.59133e-05  1.00000e+00  7.40295e-03  7.40298e-03
3.680000000e+00  7.3981718e-03  6.58872e-05  1.00000e+00  7.39817e-03  7.39820e-03
3.702000000e+00  7.3987732e-03  6.59422e-05  1.00000e+00  7.39877e-03  7.39880e-03
3.724000000e+00  7.4025508e-03  6.60545e-05  1.00000e+00  7.40255e-03  7.40258e-03
3.746000000e+00  7.4066168e-03  6.60765e-05  1.00000e+00  7.40662e-03  7.40665e-03
3.768000000e+00  7.4117549e-03  6.62114e-05  1.00000e+00  7.41175e-03  7.41179e-03
3.790000000e+00  7.4197739e-03  6.60093e-05  1.00000e+00  7.41977e-03  7.41981e-03
3.812000000e+00  7.4211550e-03  6.64704e-05  1.00000e+00  7.42115e-03  7.42120e-03
3.834000000e+00  7.4204853e-03  6.68736e-05  1.00000e+00  7.42049e-03  7.42053e-03
3.856000000e+00  7.4182975e-03  6.68531e-05  1.00000e+00  7.41830e-03  7.41834e-03
3.878000000e+00  7.4074756e-03  6.70006e-05  1.00000e+00  7.40748e-03  7.40753e-03
3.900000000e+00  7.4007004e-03  6.77995e-05  1.00000e+00  7.40070e-03  7.40075e-03
3.922000000e+00  7.4021715e-03  6.79849e-05  1.00000e+00  7.40217e-03  7.40223e-03
3.944000000e+00  7.4072482e-03  6.85161e-05  1.00000e+00  7.40725e-03  7.40731e-03
3.966000000e+00  7.4148212e-03  6.91323e-05  1.00000e+00  7.41482e-03  7.41489e-03
3.988000000e+00  7.4156096e-03  7.06605e-05  1.00000e+00  7.41561e-03  7.41568e-03
4.010000000e+00  7.4169477e-03  7.08269e-05  1.00000e+00  7.41695e-03  7.41702e-03
4.032000000e+00  7.4183380e-03  7.17854e-05  1.00000e+00  7.41834e-03  7.41842e-03
4.054000000e+00  7.4133756e-03  7.29918e-05  1.00000e+00  7.41338e-03  7.41346e-03
4.076000000e+00  7.4201624e-03  7.44129e-05  1.00000e+00  7.42016e-03  7.42026e-03
4.098000000e+00  7.4220489e-03  7.47792e-05  1.00000e+00  7.42205e-03  7.42215e-03
4.120000000e+00  7.4169725e-03  7.56794e-05  1.00000e+00  7.41697e-03  7.41708e-03
4.142000000e+00  7.4206469e-03  7.59582e-05  1.00000e+00  7.42065e-03  7.42076e-03
4.164000000e+00  7.4453466e-03  7.75392e-05  1.00000e+00  7.44535e-03  7.44547e-03
4.186000000e+00  7.4700912e-03  7.74465e-05  1.00000e+00  7.47009e-03  7.47022e-03
4.208000000e+00  7.4976624e-03  7.86100e-05  1.00000e+00  7.49766e-03  7.49780e-03
4.230000000e+00  7.5103352e-03  7.84654e-05  1.00000e+00  7.51034e-03  7.51047e-03
4.252000000e+00  7.5106247e-03  8.05042e-05  1.00000e+00  7.51062e-03  7.51078e-03
4.274000000e+00  7.5149364e-03  8.05586e-05  1.00000e+00  7.51494e-03  7.51509e-03
4.296000000e+00  7.5147476e-03  8.15112e-05  1.00000e+00  7.51475e-03  7.51492e-03
4.318000000e+00  7.5114391e-03  8.20169e-05  1.00000e+00  7.51144e-03  7.51162e-03
4.340000000e+00  7.5078581e-03  8.30457e-05  1.00000e+00  7.50786e-03  7.50804e-03
4.362000000e+00  7.5035896e-03  8.38589e-05  1.00000e+00  7.50359e-03  7.50379e-03
4.384000000e+00  7.4991170e-03  8.48156e-05  1.00000e+00  7.49912e-03  7.49933e-03
4.406000000e+00  7.4964698e-03  8.57827e-05  1.00000e+00  7.49647e-03  7.49669e-03
4.428000000e+00  7.4895333e-03  8.75665e-05  1.00000e+00  7.48953e-03  7.48977e-03
4.450000000e+00  7.4809843e-03  8.72226e-05  1.00000e+00  7.48098e-03  7.48123e-03
4.472000000e+00  7.4732092e-03  8.84654e-05  1.00000e+00  7.47321e-03  7.47347e-03
4.494000000e+00  7.4632509e-03  8.90642e-05  1.00000e+00  7.46325e-03  7.46352e-03
4.516000000e+00  7.4528268e-03  8.95329e-05  1.00000e+00  7.45283e-03  7.45311e-03
4.538000000e+00  7.4404816e-03  9.03936e-05  1.00000e+00  7.44048e-03  7.44078e-03
4.560000000e+00  7.4319033e-03  9.16984e-05  1.00000e+00  7.43190e-03  7.43222e-03
4.582000000e+00  7.4227329e-03  9.15090e-05  1.00000e+00  7.42273e-03  7.42306e-03
4.604000000e+00  7.4210430e-03  9.32656e-05  1.00000e+00  7.42104e-03  7.42139e-03
4.626000000e+00  7.4257093e-03  9.39733e-05  1.00000e+00  7.42571e-03  7.42607e-03
4.648000000e+00  7.4257775e-03  9.46884e-05  1.00000e+00  7.42578e-03  7.42616e-03
4.670000000e+00  7.4273122e-03  9.58436e-05  1.00000e+00  7.42731e-03  7.42771e-03
4.692000000e+00  7.4359029e-03  9.56581e-05  1.00000e+00  7.43590e-03  7.43632e-03
4.714000000e+00  7.4392480e-03  9.69059e-05  1.00000e+00  7.43925e-03  7.43968e-03
4.736000000e+00  7.4425310e-03  9.76289e-05  1.00000e+00  7.44253e-03  7.44298e-03
4.758000000e+00  7.4421364e-03  9.88855e-05  1.00000e+00  7.44214e-03  7.44261e-03
4.780000000e+00  7.4458531e-03  1.00321e-04  1.00000e+00  7.44585e-03  7.44636e-03
4.802000000e+00  7.4510006e-03  1.00516e-04  1.00000e+00  7.45100e-03  7.45152e-03
4.824000000e+00  7.4524405e-03  1.01318e-04  1.00000e+00  7.45244e-03  7.45298e-03
4.846000000e+00  7.4521013e-03  1.02723e-04  1.00000e+00  7.45210e-03  7.45267e-03
4.868000000e+00  7.4521217e-03  1.03949e-04  1.00000e+00  7.45212e-03  7.45272e-03
4.890000000e+00  7.4451762e-03  1.04355e-04  1.00000e+00  7.44518e-03  7.44579e-03
4.912000000e+00  7.4419907e-03  1.04201e-04  1.00000e+00  7.44199e-03  7.44262e-03
4.934000000e+00  7.4326712e-03  1.06430e-04  1.00000e+00  7.43267e-03  7.43334e-03
4.956000000e+00  7.4270423e-03  1.08066e-04  1.00000e+00  7.42704e-03  7.42775e-03
4.978000000e+00  7.4240719e-03  1.07920e-04  1.00000e+00  7.42407e-03  7.42480e-03
5.000000000e+00  7.4195762e-03  1.09624e-04  1.00000e+00  7.41958e-03  7.42034e-03
5.022000000e+00  7.4150695e-03  1.12481e-04  1.00000e+00  7.41507e-03  7.41589e-03
5.044000000e+00  7.4151982e-03  1.11234e-04  1.00000e+00  7.41520e-03  7.41602e-03
5.066000000e+00  7.4162640e-03  1.12591e-04  1.00000e+00  7.41626e-03  7.41712e-03
5.088000000e+00  7.4199434e-03  1.14469e-04  1.00000e+00  7.41994e-03  7.42085e-03
5.110000000e+00  7.4218060e-03  1.14858e-04  1.00000e+00  7.42181e-03  7.42274e-03
5.132000000e+00  7.4167044e-03  1.16332e-04  1.00000e+00  7.41670e-03  7.41768e-03
5.154000000e+00  7.4240535e-03  1.17753e-04  1.00000e+00  7.42405e-03  7.42507e-03
5.176000000e+00  7.4388570e-03  1.18565e-04  1.00000e+00  7.43886e-03  7.43991e-03
5.198000000e+00  7.4341671e-03  1.18793e-04  1.00000e+00  7.43417e-03  7.43524e-03
5.220000000e+00  7.4393116e-03  1.20451e-04  1.00000e+00  7.43931e-03  7.44044e-03
5.242000000e+00  7.4384710e-03  1.22096e-04  1.00000e+00  7.43847e-03  7.43965e-03
5.264000000e+00  7.4363726e-03  1.21754e-04  1.00000e+00  7.43637e-03  7.43757e-03
5.286000000e+00  7.4292693e-03  1.24900e-04  1.00000e+00  7.42927e-03  7.43054e-03
