# ------------------------------------------------------------------------
# Radiance spectrum
# NASA-GSFC Planetary Spectrum Generator (PSG) (Villanueva et al. 2018, 2022)
# Synthesized on Fri Jun  9 07:47:25 2023
# Doppler velocities [km/s] (vobs,vrot+vorb,vwidth,vrfl,vstr): -21.10000,-0.00000,0.54000,0.00000,0.00000
# ------------------------------------------------------------------------
# Spectra synthesized with the Planetary and Universal Model of Atmospheric Scattering (PUMAS, Villanueva et al. 2018, 2022)
# Single scattering radiative transfer method
# ------------------------------------------------------------------------
# Spectral unit: Wavelength [um]
# Radiance unit: Contrast [radiance ratio w.r.t. parent star]
# Wave/freq Total Noise Stellar GJ-1214-b Transit
5.000000000e-01  1.3409256e-02  2.38467e-04  1.00000e+00  1.34093e-02  1.34093e-02
5.166666667e-01  1.3409232e-02  2.20789e-04  1.00000e+00  1.34092e-02  1.34092e-02
5.338888889e-01  1.3409506e-02  1.51818e-04  1.00000e+00  1.34095e-02  1.34095e-02
5.516851852e-01  1.3409769e-02  1.57951e-04  1.00000e+00  1.34098e-02  1.34098e-02
5.700746914e-01  1.3409895e-02  1.46543e-04  1.00000e+00  1.34099e-02  1.34099e-02
5.890771811e-01  1.3410024e-02  1.55477e-04  1.00000e+00  1.34100e-02  1.34100e-02
6.087130871e-01  1.3410156e-02  1.17116e-04  1.00000e+00  1.34102e-02  1.34102e-02
6.290035233e-01  1.3410292e-02  1.28858e-04  1.00000e+00  1.34103e-02  1.34103e-02
6.499703075e-01  1.3410551e-02  9.87758e-05  1.00000e+00  1.34106e-02  1.34106e-02
6.716359844e-01  1.3410843e-02  1.14177e-04  1.00000e+00  1.34108e-02  1.34108e-02
6.940238505e-01  1.3411139e-02  8.16290e-05  1.00000e+00  1.34111e-02  1.34111e-02
7.171579789e-01  1.3411420e-02  9.76447e-05  1.00000e+00  1.34114e-02  1.34114e-02
7.410632448e-01  1.3411707e-02  5.73801e-05  1.00000e+00  1.34117e-02  1.34117e-02
7.657653530e-01  1.3411998e-02  6.12451e-05  1.00000e+00  1.34120e-02  1.34120e-02
7.912908648e-01  1.3412294e-02  5.66415e-05  1.00000e+00  1.34123e-02  1.34123e-02
8.176672269e-01  1.3412594e-02  4.91049e-05  1.00000e+00  1.34126e-02  1.34126e-02
8.449228011e-01  1.3412899e-02  5.07235e-05  1.00000e+00  1.34129e-02  1.34129e-02
8.730868945e-01  1.3413165e-02  4.51573e-05  1.00000e+00  1.34132e-02  1.34132e-02
9.021897910e-01  1.3413387e-02  4.55597e-05  1.00000e+00  1.34134e-02  1.34134e-02
9.322627840e-01  1.3413613e-02  4.16256e-05  1.00000e+00  1.34136e-02  1.34136e-02
9.633382102e-01  1.3413843e-02  4.03403e-05  1.00000e+00  1.34138e-02  1.34138e-02
9.954494838e-01  1.3414078e-02  3.95519e-05  1.00000e+00  1.34141e-02  1.34141e-02
1.028631133e+00  1.3414317e-02  3.77392e-05  1.00000e+00  1.34143e-02  1.34143e-02
1.062918838e+00  1.3414541e-02  3.64098e-05  1.00000e+00  1.34145e-02  1.34145e-02
1.098349466e+00  1.3414573e-02  3.64599e-05  1.00000e+00  1.34146e-02  1.34146e-02
1.134961115e+00  1.3414607e-02  3.67944e-05  1.00000e+00  1.34146e-02  1.34146e-02
1.172793152e+00  1.3414643e-02  3.62154e-05  1.00000e+00  1.34146e-02  1.34146e-02
1.211886257e+00  1.3414676e-02  3.51234e-05  1.00000e+00  1.34147e-02  1.34147e-02
1.252282465e+00  1.3414713e-02  3.41796e-05  1.00000e+00  1.34147e-02  1.34147e-02
1.294025214e+00  1.3414750e-02  3.35722e-05  1.00000e+00  1.34147e-02  1.34147e-02
1.337159388e+00  1.3414575e-02  3.74533e-05  1.00000e+00  1.34146e-02  1.34146e-02
1.381731368e+00  1.3414359e-02  4.03710e-05  1.00000e+00  1.34144e-02  1.34144e-02
1.427789080e+00  1.3414133e-02  4.20518e-05  1.00000e+00  1.34141e-02  1.34141e-02
1.475382049e+00  1.3413896e-02  4.15789e-05  1.00000e+00  1.34139e-02  1.34139e-02
1.524561451e+00  1.3413648e-02  4.00632e-05  1.00000e+00  1.34136e-02  1.34136e-02
1.575380166e+00  1.3413430e-02  3.82727e-05  1.00000e+00  1.34134e-02  1.34134e-02
1.627892838e+00  1.3412708e-02  3.62903e-05  1.00000e+00  1.34127e-02  1.34127e-02
1.682155933e+00  1.3412154e-02  3.48960e-05  1.00000e+00  1.34122e-02  1.34122e-02
1.738227797e+00  1.3411571e-02  3.81567e-05  1.00000e+00  1.34116e-02  1.34116e-02
1.796168724e+00  1.3410947e-02  4.22058e-05  1.00000e+00  1.34109e-02  1.34109e-02
1.856041014e+00  1.3410258e-02  4.40563e-05  1.00000e+00  1.34103e-02  1.34103e-02
1.917909048e+00  1.3409515e-02  4.32339e-05  1.00000e+00  1.34095e-02  1.34095e-02
1.981839350e+00  1.3408714e-02  4.36032e-05  1.00000e+00  1.34087e-02  1.34087e-02
2.047900661e+00  1.3407781e-02  4.37605e-05  1.00000e+00  1.34078e-02  1.34078e-02
2.116164017e+00  1.3406739e-02  4.23577e-05  1.00000e+00  1.34067e-02  1.34067e-02
2.186702817e+00  1.3405596e-02  4.04163e-05  1.00000e+00  1.34056e-02  1.34056e-02
2.259592911e+00  1.3404343e-02  3.89173e-05  1.00000e+00  1.34043e-02  1.34043e-02
2.334912675e+00  1.3403795e-02  4.06003e-05  1.00000e+00  1.34038e-02  1.34038e-02
2.412743097e+00  1.3401921e-02  4.48556e-05  1.00000e+00  1.34019e-02  1.34019e-02
2.493167867e+00  1.3399149e-02  5.01114e-05  1.00000e+00  1.33991e-02  1.33992e-02
2.576273463e+00  1.3396446e-02  5.18974e-05  1.00000e+00  1.33964e-02  1.33965e-02
2.662149245e+00  1.3393252e-02  5.12554e-05  1.00000e+00  1.33933e-02  1.33933e-02
2.750887553e+00  1.3391451e-02  5.37005e-05  1.00000e+00  1.33915e-02  1.33916e-02
2.842583805e+00  1.3390898e-02  5.51142e-05  1.00000e+00  1.33909e-02  1.33913e-02
2.937336599e+00  1.3390164e-02  5.58179e-05  1.00000e+00  1.33902e-02  1.33911e-02
3.035247818e+00  1.3389796e-02  5.61966e-05  1.00000e+00  1.33898e-02  1.33913e-02
3.136422746e+00  1.3390292e-02  5.59305e-05  1.00000e+00  1.33903e-02  1.33924e-02
3.240970171e+00  1.3391221e-02  5.52264e-05  1.00000e+00  1.33912e-02  1.33939e-02
3.349002510e+00  1.3392848e-02  5.44258e-05  1.00000e+00  1.33928e-02  1.33960e-02
3.460635927e+00  1.3393061e-02  5.38710e-05  1.00000e+00  1.33931e-02  1.33968e-02
3.575990457e+00  1.3392245e-02  5.35484e-05  1.00000e+00  1.33922e-02  1.33966e-02
3.695190139e+00  1.3391272e-02  5.32372e-05  1.00000e+00  1.33913e-02  1.33963e-02
3.818363144e+00  1.3389955e-02  5.28707e-05  1.00000e+00  1.33900e-02  1.33957e-02
3.945641916e+00  1.3388010e-02  5.36972e-05  1.00000e+00  1.33880e-02  1.33948e-02
4.077163313e+00  1.3385134e-02  5.64391e-05  1.00000e+00  1.33851e-02  1.33939e-02
4.213068756e+00  1.3381768e-02  5.87607e-05  1.00000e+00  1.33818e-02  1.33930e-02
4.353504382e+00  1.3378063e-02  6.11032e-05  1.00000e+00  1.33781e-02  1.33923e-02
4.498621194e+00  1.3373580e-02  6.36696e-05  1.00000e+00  1.33736e-02  1.33922e-02
4.648575234e+00  1.3368946e-02  6.57583e-05  1.00000e+00  1.33689e-02  1.33920e-02
4.803527742e+00  1.3362478e-02  6.81997e-05  1.00000e+00  1.33625e-02  1.33902e-02
4.963645333e+00  1.3355400e-02  7.09612e-05  1.00000e+00  1.33554e-02  1.33878e-02
5.129100178e+00  1.3346303e-02  7.38996e-05  1.00000e+00  1.33463e-02  1.33864e-02
5.300070184e+00  1.3335854e-02  7.65658e-05  1.00000e+00  1.33359e-02  1.33855e-02
5.476739190e+00  1.3323611e-02  7.94906e-05  1.00000e+00  1.33236e-02  1.33854e-02
5.659297163e+00  1.3316753e-02  8.16797e-05  1.00000e+00  1.33168e-02  1.33856e-02
5.847940402e+00  1.3311030e-02  8.37023e-05  1.00000e+00  1.33110e-02  1.33858e-02
6.042871748e+00  1.3306600e-02  8.49850e-05  1.00000e+00  1.33066e-02  1.33851e-02
6.244300807e+00  1.3300763e-02  8.64296e-05  1.00000e+00  1.33008e-02  1.33804e-02
6.452444167e+00  1.3284247e-02  9.26409e-05  1.00000e+00  1.32842e-02  1.33731e-02
6.667525639e+00  1.3249262e-02  1.01054e-04  1.00000e+00  1.32493e-02  1.33712e-02
6.889776494e+00  1.3214993e-02  1.04408e-04  1.00000e+00  1.32150e-02  1.33713e-02
7.119435710e+00  1.3175837e-02  1.07780e-04  1.00000e+00  1.31758e-02  1.33714e-02
7.356750234e+00  1.3153485e-02  1.11369e-04  1.00000e+00  1.31535e-02  1.33768e-02
7.601975242e+00  1.3135722e-02  1.16149e-04  1.00000e+00  1.31357e-02  1.33830e-02
