# ------------------------------------------------------------------------
# Radiance spectrum
# NASA-GSFC Planetary Spectrum Generator (PSG) (Villanueva et al. 2018, 2022)
# Synthesized on Tue Jun  6 08:15:29 2023
# Doppler velocities [km/s] (vobs,vrot+vorb,vwidth,vrfl,vstr): -21.10000,-0.00000,0.05000,-0.08076,0.00000
# ------------------------------------------------------------------------
# Spectra synthesized with the Planetary and Universal Model of Atmospheric Scattering (PUMAS, Villanueva et al. 2018, 2022)
# Single scattering radiative transfer method
# ------------------------------------------------------------------------
# Spectral unit: Wavelength [um]
# Radiance unit: Contrast [radiance ratio w.r.t. parent star]
# Wave/freq Total Noise Stellar trappist-1e Transit
6.000000000e-01  5.1127505e-03  4.36488e-05  1.00000e+00  5.11275e-03  5.11275e-03
6.220000000e-01  5.1119950e-03  3.98411e-05  1.00000e+00  5.11200e-03  5.11200e-03
6.440000000e-01  5.1113185e-03  3.10613e-05  1.00000e+00  5.11132e-03  5.11132e-03
6.660000000e-01  5.1107138e-03  3.18696e-05  1.00000e+00  5.11071e-03  5.11071e-03
6.880000000e-01  5.1101704e-03  2.78167e-05  1.00000e+00  5.11017e-03  5.11017e-03
7.100000000e-01  5.1097487e-03  2.62112e-05  1.00000e+00  5.10975e-03  5.10975e-03
7.320000000e-01  5.1092637e-03  1.93970e-05  1.00000e+00  5.10926e-03  5.10926e-03
7.540000000e-01  5.1088803e-03  1.55442e-05  1.00000e+00  5.10888e-03  5.10888e-03
7.760000000e-01  5.1087556e-03  1.88108e-05  1.00000e+00  5.10876e-03  5.10876e-03
7.980000000e-01  5.1082772e-03  1.50256e-05  1.00000e+00  5.10828e-03  5.10828e-03
8.200000000e-01  5.1079811e-03  1.38100e-05  1.00000e+00  5.10798e-03  5.10798e-03
8.420000000e-01  5.1077334e-03  1.43123e-05  1.00000e+00  5.10773e-03  5.10773e-03
8.640000000e-01  5.1080163e-03  1.31200e-05  1.00000e+00  5.10802e-03  5.10802e-03
8.860000000e-01  5.1073571e-03  1.28461e-05  1.00000e+00  5.10736e-03  5.10736e-03
9.080000000e-01  5.1072010e-03  1.22316e-05  1.00000e+00  5.10720e-03  5.10720e-03
9.300000000e-01  5.1072610e-03  1.16244e-05  1.00000e+00  5.10726e-03  5.10726e-03
9.520000000e-01  5.1068767e-03  1.12438e-05  1.00000e+00  5.10688e-03  5.10688e-03
9.740000000e-01  5.1067708e-03  1.12189e-05  1.00000e+00  5.10677e-03  5.10677e-03
9.960000000e-01  5.1066434e-03  1.09582e-05  1.00000e+00  5.10664e-03  5.10664e-03
1.018000000e+00  5.1065381e-03  1.06045e-05  1.00000e+00  5.10654e-03  5.10654e-03
1.040000000e+00  5.1075895e-03  1.03225e-05  1.00000e+00  5.10759e-03  5.10759e-03
1.062000000e+00  5.1078115e-03  1.00989e-05  1.00000e+00  5.10781e-03  5.10781e-03
1.084000000e+00  5.1064520e-03  1.00036e-05  1.00000e+00  5.10645e-03  5.10645e-03
1.106000000e+00  5.1066254e-03  1.01971e-05  1.00000e+00  5.10663e-03  5.10663e-03
1.128000000e+00  5.1068920e-03  1.02371e-05  1.00000e+00  5.10689e-03  5.10689e-03
1.150000000e+00  5.1063960e-03  1.01813e-05  1.00000e+00  5.10640e-03  5.10640e-03
1.172000000e+00  5.1060786e-03  1.01020e-05  1.00000e+00  5.10608e-03  5.10608e-03
1.194000000e+00  5.1078761e-03  9.99473e-06  1.00000e+00  5.10788e-03  5.10788e-03
1.216000000e+00  5.1159553e-03  9.75701e-06  1.00000e+00  5.11596e-03  5.11596e-03
1.238000000e+00  5.1085322e-03  9.64200e-06  1.00000e+00  5.10853e-03  5.10853e-03
1.260000000e+00  5.1077023e-03  9.54304e-06  1.00000e+00  5.10770e-03  5.10770e-03
1.282000000e+00  5.1081450e-03  9.45342e-06  1.00000e+00  5.10814e-03  5.10814e-03
1.304000000e+00  5.1085057e-03  9.41300e-06  1.00000e+00  5.10851e-03  5.10851e-03
1.326000000e+00  5.1083389e-03  9.89503e-06  1.00000e+00  5.10834e-03  5.10834e-03
1.348000000e+00  5.1079942e-03  1.14171e-05  1.00000e+00  5.10799e-03  5.10799e-03
1.370000000e+00  5.1071299e-03  1.13408e-05  1.00000e+00  5.10713e-03  5.10713e-03
1.392000000e+00  5.1060302e-03  1.15779e-05  1.00000e+00  5.10603e-03  5.10603e-03
1.414000000e+00  5.1057697e-03  1.19570e-05  1.00000e+00  5.10577e-03  5.10577e-03
1.436000000e+00  5.1293195e-03  1.20158e-05  1.00000e+00  5.12932e-03  5.12932e-03
1.458000000e+00  5.1083586e-03  1.19635e-05  1.00000e+00  5.10836e-03  5.10836e-03
1.480000000e+00  5.1126802e-03  1.19667e-05  1.00000e+00  5.11268e-03  5.11268e-03
1.502000000e+00  5.1083321e-03  1.17490e-05  1.00000e+00  5.10833e-03  5.10833e-03
1.524000000e+00  5.1141525e-03  1.15536e-05  1.00000e+00  5.11415e-03  5.11415e-03
1.546000000e+00  5.1115755e-03  1.14201e-05  1.00000e+00  5.11158e-03  5.11158e-03
1.568000000e+00  5.1236193e-03  1.12077e-05  1.00000e+00  5.12362e-03  5.12362e-03
1.590000000e+00  5.1164610e-03  1.09567e-05  1.00000e+00  5.11646e-03  5.11646e-03
1.612000000e+00  5.1227476e-03  1.07956e-05  1.00000e+00  5.12275e-03  5.12275e-03
1.634000000e+00  5.1184757e-03  1.05448e-05  1.00000e+00  5.11848e-03  5.11848e-03
1.656000000e+00  5.1145647e-03  1.03065e-05  1.00000e+00  5.11456e-03  5.11456e-03
1.678000000e+00  5.1097114e-03  1.01812e-05  1.00000e+00  5.10971e-03  5.10971e-03
1.700000000e+00  5.1080266e-03  1.03997e-05  1.00000e+00  5.10803e-03  5.10803e-03
1.722000000e+00  5.1061368e-03  1.09378e-05  1.00000e+00  5.10614e-03  5.10614e-03
1.744000000e+00  5.1056128e-03  1.14532e-05  1.00000e+00  5.10561e-03  5.10561e-03
1.766000000e+00  5.1058608e-03  1.20547e-05  1.00000e+00  5.10586e-03  5.10586e-03
1.788000000e+00  5.1059733e-03  1.25177e-05  1.00000e+00  5.10597e-03  5.10597e-03
1.810000000e+00  5.1055279e-03  1.28918e-05  1.00000e+00  5.10553e-03  5.10553e-03
1.832000000e+00  5.1054977e-03  1.29159e-05  1.00000e+00  5.10550e-03  5.10550e-03
1.854000000e+00  5.1057108e-03  1.35144e-05  1.00000e+00  5.10571e-03  5.10571e-03
1.876000000e+00  5.1195977e-03  1.33913e-05  1.00000e+00  5.11960e-03  5.11960e-03
1.898000000e+00  5.1125748e-03  1.31636e-05  1.00000e+00  5.11257e-03  5.11257e-03
1.920000000e+00  5.1077370e-03  1.31565e-05  1.00000e+00  5.10774e-03  5.10774e-03
1.942000000e+00  5.1289830e-03  1.31861e-05  1.00000e+00  5.12898e-03  5.12898e-03
1.964000000e+00  5.1400657e-03  1.31718e-05  1.00000e+00  5.14007e-03  5.14007e-03
1.986000000e+00  5.1270124e-03  1.34940e-05  1.00000e+00  5.12701e-03  5.12701e-03
2.008000000e+00  5.1470124e-03  1.36268e-05  1.00000e+00  5.14701e-03  5.14701e-03
2.030000000e+00  5.1360371e-03  1.36268e-05  1.00000e+00  5.13604e-03  5.13604e-03
2.052000000e+00  5.1395965e-03  1.35631e-05  1.00000e+00  5.13960e-03  5.13960e-03
2.074000000e+00  5.1363503e-03  1.35236e-05  1.00000e+00  5.13635e-03  5.13635e-03
2.096000000e+00  5.1273500e-03  1.34042e-05  1.00000e+00  5.12735e-03  5.12735e-03
2.118000000e+00  5.1174618e-03  1.32577e-05  1.00000e+00  5.11746e-03  5.11746e-03
2.140000000e+00  5.1156790e-03  1.31102e-05  1.00000e+00  5.11568e-03  5.11568e-03
2.162000000e+00  5.1181726e-03  1.29248e-05  1.00000e+00  5.11817e-03  5.11817e-03
2.184000000e+00  5.1092267e-03  1.27997e-05  1.00000e+00  5.10923e-03  5.10923e-03
2.206000000e+00  5.1078186e-03  1.26770e-05  1.00000e+00  5.10782e-03  5.10782e-03
2.228000000e+00  5.1067119e-03  1.25169e-05  1.00000e+00  5.10671e-03  5.10671e-03
2.250000000e+00  5.1065222e-03  1.23923e-05  1.00000e+00  5.10652e-03  5.10652e-03
2.272000000e+00  5.1061617e-03  1.23805e-05  1.00000e+00  5.10616e-03  5.10616e-03
2.294000000e+00  5.1057155e-03  1.25273e-05  1.00000e+00  5.10572e-03  5.10572e-03
2.316000000e+00  5.1054379e-03  1.28302e-05  1.00000e+00  5.10544e-03  5.10544e-03
2.338000000e+00  5.1054152e-03  1.31368e-05  1.00000e+00  5.10542e-03  5.10542e-03
2.360000000e+00  5.1054672e-03  1.35114e-05  1.00000e+00  5.10547e-03  5.10547e-03
2.382000000e+00  5.1060060e-03  1.37910e-05  1.00000e+00  5.10601e-03  5.10601e-03
2.404000000e+00  5.1061840e-03  1.44241e-05  1.00000e+00  5.10618e-03  5.10618e-03
2.426000000e+00  5.1054217e-03  1.50621e-05  1.00000e+00  5.10542e-03  5.10542e-03
2.448000000e+00  5.1054447e-03  1.55479e-05  1.00000e+00  5.10544e-03  5.10544e-03
2.470000000e+00  5.1060765e-03  1.62241e-05  1.00000e+00  5.10608e-03  5.10608e-03
2.492000000e+00  5.1116651e-03  1.65374e-05  1.00000e+00  5.11167e-03  5.11167e-03
2.514000000e+00  5.1099480e-03  1.70400e-05  1.00000e+00  5.10995e-03  5.10995e-03
2.536000000e+00  5.1063472e-03  1.72581e-05  1.00000e+00  5.10635e-03  5.10635e-03
2.558000000e+00  5.1067958e-03  1.74414e-05  1.00000e+00  5.10680e-03  5.10680e-03
2.580000000e+00  5.1111826e-03  1.74079e-05  1.00000e+00  5.11118e-03  5.11118e-03
2.602000000e+00  5.1129914e-03  1.73027e-05  1.00000e+00  5.11299e-03  5.11299e-03
2.624000000e+00  5.1116188e-03  1.73116e-05  1.00000e+00  5.11162e-03  5.11162e-03
2.646000000e+00  5.1119164e-03  1.71494e-05  1.00000e+00  5.11192e-03  5.11192e-03
2.668000000e+00  5.1501991e-03  1.72122e-05  1.00000e+00  5.15020e-03  5.15020e-03
2.690000000e+00  5.1627159e-03  1.76046e-05  1.00000e+00  5.16272e-03  5.16272e-03
2.712000000e+00  5.1568930e-03  1.80632e-05  1.00000e+00  5.15689e-03  5.15689e-03
2.734000000e+00  5.1504271e-03  1.83696e-05  1.00000e+00  5.15043e-03  5.15043e-03
2.756000000e+00  5.1597847e-03  1.84446e-05  1.00000e+00  5.15978e-03  5.15978e-03
2.778000000e+00  5.1607933e-03  1.87422e-05  1.00000e+00  5.16079e-03  5.16079e-03
2.800000000e+00  5.1545981e-03  1.87900e-05  1.00000e+00  5.15460e-03  5.15460e-03
2.822000000e+00  5.1489506e-03  1.89866e-05  1.00000e+00  5.14895e-03  5.14895e-03
2.844000000e+00  5.1439265e-03  1.93080e-05  1.00000e+00  5.14393e-03  5.14393e-03
2.866000000e+00  5.1358387e-03  1.91686e-05  1.00000e+00  5.13584e-03  5.13584e-03
2.888000000e+00  5.1255923e-03  1.92136e-05  1.00000e+00  5.12559e-03  5.12559e-03
2.910000000e+00  5.1139787e-03  1.95671e-05  1.00000e+00  5.11398e-03  5.11398e-03
2.932000000e+00  5.1090395e-03  1.96419e-05  1.00000e+00  5.10904e-03  5.10904e-03
2.954000000e+00  5.1122085e-03  1.98152e-05  1.00000e+00  5.11221e-03  5.11221e-03
2.976000000e+00  5.1234425e-03  1.98648e-05  1.00000e+00  5.12344e-03  5.12344e-03
2.998000000e+00  5.1167364e-03  2.00606e-05  1.00000e+00  5.11674e-03  5.11674e-03
3.020000000e+00  5.1181699e-03  2.00511e-05  1.00000e+00  5.11817e-03  5.11817e-03
3.042000000e+00  5.1125177e-03  2.01401e-05  1.00000e+00  5.11252e-03  5.11252e-03
3.064000000e+00  5.1091293e-03  2.01267e-05  1.00000e+00  5.10913e-03  5.10913e-03
3.086000000e+00  5.1064100e-03  2.01683e-05  1.00000e+00  5.10641e-03  5.10641e-03
3.108000000e+00  5.1098078e-03  2.01910e-05  1.00000e+00  5.10981e-03  5.10981e-03
3.130000000e+00  5.1133809e-03  2.02064e-05  1.00000e+00  5.11338e-03  5.11338e-03
3.152000000e+00  5.1122914e-03  2.02798e-05  1.00000e+00  5.11229e-03  5.11229e-03
3.174000000e+00  5.1119258e-03  2.02892e-05  1.00000e+00  5.11193e-03  5.11193e-03
3.196000000e+00  5.1074711e-03  2.03822e-05  1.00000e+00  5.10747e-03  5.10747e-03
3.218000000e+00  5.1073306e-03  2.03091e-05  1.00000e+00  5.10733e-03  5.10733e-03
3.240000000e+00  5.1056801e-03  2.02975e-05  1.00000e+00  5.10568e-03  5.10568e-03
3.262000000e+00  5.1054547e-03  2.01677e-05  1.00000e+00  5.10545e-03  5.10546e-03
3.284000000e+00  5.1054042e-03  2.03470e-05  1.00000e+00  5.10540e-03  5.10540e-03
3.306000000e+00  5.1055787e-03  2.02768e-05  1.00000e+00  5.10558e-03  5.10558e-03
3.328000000e+00  5.1069927e-03  2.02531e-05  1.00000e+00  5.10699e-03  5.10699e-03
3.350000000e+00  5.1093539e-03  2.03572e-05  1.00000e+00  5.10935e-03  5.10935e-03
3.372000000e+00  5.1067282e-03  2.03180e-05  1.00000e+00  5.10673e-03  5.10673e-03
3.394000000e+00  5.1055889e-03  2.03623e-05  1.00000e+00  5.10559e-03  5.10559e-03
3.416000000e+00  5.1054087e-03  2.03405e-05  1.00000e+00  5.10541e-03  5.10541e-03
3.438000000e+00  5.1055310e-03  2.04486e-05  1.00000e+00  5.10553e-03  5.10553e-03
3.460000000e+00  5.1055031e-03  2.04004e-05  1.00000e+00  5.10550e-03  5.10550e-03
3.482000000e+00  5.1053939e-03  2.04722e-05  1.00000e+00  5.10539e-03  5.10539e-03
3.504000000e+00  5.1054988e-03  2.04081e-05  1.00000e+00  5.10550e-03  5.10550e-03
3.526000000e+00  5.1060010e-03  2.05828e-05  1.00000e+00  5.10600e-03  5.10600e-03
3.548000000e+00  5.1077489e-03  2.05919e-05  1.00000e+00  5.10775e-03  5.10775e-03
3.570000000e+00  5.1109388e-03  2.06119e-05  1.00000e+00  5.11094e-03  5.11094e-03
3.592000000e+00  5.1130636e-03  2.06905e-05  1.00000e+00  5.11306e-03  5.11306e-03
3.614000000e+00  5.1151347e-03  2.06180e-05  1.00000e+00  5.11513e-03  5.11513e-03
3.636000000e+00  5.1139135e-03  2.06668e-05  1.00000e+00  5.11391e-03  5.11391e-03
3.658000000e+00  5.1101678e-03  2.08319e-05  1.00000e+00  5.11017e-03  5.11017e-03
3.680000000e+00  5.1082666e-03  2.08246e-05  1.00000e+00  5.10827e-03  5.10827e-03
3.702000000e+00  5.1097439e-03  2.08431e-05  1.00000e+00  5.10974e-03  5.10974e-03
3.724000000e+00  5.1124384e-03  2.08798e-05  1.00000e+00  5.11244e-03  5.11244e-03
3.746000000e+00  5.1145342e-03  2.08879e-05  1.00000e+00  5.11453e-03  5.11453e-03
3.768000000e+00  5.1154075e-03  2.09319e-05  1.00000e+00  5.11541e-03  5.11541e-03
3.790000000e+00  5.1192837e-03  2.08685e-05  1.00000e+00  5.11928e-03  5.11928e-03
3.812000000e+00  5.1218706e-03  2.10165e-05  1.00000e+00  5.12187e-03  5.12187e-03
3.834000000e+00  5.1211893e-03  2.11461e-05  1.00000e+00  5.12119e-03  5.12119e-03
3.856000000e+00  5.1182249e-03  2.11406e-05  1.00000e+00  5.11822e-03  5.11823e-03
3.878000000e+00  5.1115379e-03  2.11886e-05  1.00000e+00  5.11154e-03  5.11154e-03
3.900000000e+00  5.1098096e-03  2.14445e-05  1.00000e+00  5.10981e-03  5.10981e-03
3.922000000e+00  5.1113512e-03  2.15047e-05  1.00000e+00  5.11135e-03  5.11135e-03
3.944000000e+00  5.1133933e-03  2.16754e-05  1.00000e+00  5.11339e-03  5.11339e-03
3.966000000e+00  5.1179633e-03  2.18733e-05  1.00000e+00  5.11796e-03  5.11796e-03
3.988000000e+00  5.1189807e-03  2.23626e-05  1.00000e+00  5.11898e-03  5.11898e-03
4.010000000e+00  5.1189370e-03  2.24170e-05  1.00000e+00  5.11894e-03  5.11894e-03
4.032000000e+00  5.1171015e-03  2.27247e-05  1.00000e+00  5.11710e-03  5.11710e-03
4.054000000e+00  5.1111785e-03  2.31117e-05  1.00000e+00  5.11118e-03  5.11118e-03
4.076000000e+00  5.1129892e-03  2.35678e-05  1.00000e+00  5.11299e-03  5.11299e-03
4.098000000e+00  5.1138413e-03  2.36865e-05  1.00000e+00  5.11384e-03  5.11384e-03
4.120000000e+00  5.1115949e-03  2.39761e-05  1.00000e+00  5.11159e-03  5.11160e-03
4.142000000e+00  5.1129053e-03  2.40668e-05  1.00000e+00  5.11291e-03  5.11291e-03
4.164000000e+00  5.1324150e-03  2.45749e-05  1.00000e+00  5.13242e-03  5.13242e-03
4.186000000e+00  5.1485660e-03  2.45468e-05  1.00000e+00  5.14857e-03  5.14857e-03
4.208000000e+00  5.1666948e-03  2.49215e-05  1.00000e+00  5.16669e-03  5.16670e-03
4.230000000e+00  5.1773338e-03  2.48767e-05  1.00000e+00  5.17733e-03  5.17733e-03
4.252000000e+00  5.1767066e-03  2.55325e-05  1.00000e+00  5.17671e-03  5.17671e-03
4.274000000e+00  5.1790785e-03  2.55516e-05  1.00000e+00  5.17908e-03  5.17908e-03
4.296000000e+00  5.1773004e-03  2.58592e-05  1.00000e+00  5.17730e-03  5.17730e-03
4.318000000e+00  5.1725492e-03  2.60233e-05  1.00000e+00  5.17255e-03  5.17255e-03
4.340000000e+00  5.1689203e-03  2.63557e-05  1.00000e+00  5.16892e-03  5.16892e-03
4.362000000e+00  5.1665934e-03  2.66188e-05  1.00000e+00  5.16659e-03  5.16660e-03
4.384000000e+00  5.1635021e-03  2.69283e-05  1.00000e+00  5.16350e-03  5.16350e-03
4.406000000e+00  5.1625445e-03  2.72413e-05  1.00000e+00  5.16254e-03  5.16255e-03
4.428000000e+00  5.1579748e-03  2.78175e-05  1.00000e+00  5.15797e-03  5.15798e-03
4.450000000e+00  5.1519867e-03  2.77086e-05  1.00000e+00  5.15199e-03  5.15199e-03
4.472000000e+00  5.1454179e-03  2.81108e-05  1.00000e+00  5.14542e-03  5.14542e-03
4.494000000e+00  5.1359629e-03  2.83058e-05  1.00000e+00  5.13596e-03  5.13597e-03
4.516000000e+00  5.1271133e-03  2.84588e-05  1.00000e+00  5.12711e-03  5.12712e-03
4.538000000e+00  5.1170624e-03  2.87384e-05  1.00000e+00  5.11706e-03  5.11707e-03
4.560000000e+00  5.1119725e-03  2.91614e-05  1.00000e+00  5.11197e-03  5.11198e-03
4.582000000e+00  5.1093280e-03  2.91023e-05  1.00000e+00  5.10933e-03  5.10934e-03
4.604000000e+00  5.1100627e-03  2.96715e-05  1.00000e+00  5.11006e-03  5.11007e-03
4.626000000e+00  5.1135805e-03  2.99023e-05  1.00000e+00  5.11358e-03  5.11359e-03
4.648000000e+00  5.1134127e-03  3.01355e-05  1.00000e+00  5.11341e-03  5.11342e-03
4.670000000e+00  5.1161304e-03  3.05112e-05  1.00000e+00  5.11613e-03  5.11614e-03
4.692000000e+00  5.1227011e-03  3.04535e-05  1.00000e+00  5.12270e-03  5.12271e-03
4.714000000e+00  5.1250566e-03  3.08594e-05  1.00000e+00  5.12506e-03  5.12506e-03
4.736000000e+00  5.1281471e-03  3.10956e-05  1.00000e+00  5.12815e-03  5.12815e-03
4.758000000e+00  5.1287104e-03  3.15047e-05  1.00000e+00  5.12871e-03  5.12872e-03
4.780000000e+00  5.1328299e-03  3.19718e-05  1.00000e+00  5.13283e-03  5.13284e-03
4.802000000e+00  5.1379415e-03  3.20375e-05  1.00000e+00  5.13794e-03  5.13795e-03
4.824000000e+00  5.1397822e-03  3.22998e-05  1.00000e+00  5.13978e-03  5.13979e-03
4.846000000e+00  5.1401465e-03  3.27579e-05  1.00000e+00  5.14015e-03  5.14016e-03
4.868000000e+00  5.1383443e-03  3.31581e-05  1.00000e+00  5.13834e-03  5.13835e-03
4.890000000e+00  5.1337288e-03  3.32923e-05  1.00000e+00  5.13373e-03  5.13374e-03
4.912000000e+00  5.1314602e-03  3.32449e-05  1.00000e+00  5.13146e-03  5.13147e-03
4.934000000e+00  5.1259929e-03  3.39713e-05  1.00000e+00  5.12599e-03  5.12600e-03
4.956000000e+00  5.1227028e-03  3.45054e-05  1.00000e+00  5.12270e-03  5.12271e-03
4.978000000e+00  5.1196695e-03  3.44605e-05  1.00000e+00  5.11967e-03  5.11968e-03
5.000000000e+00  5.1161737e-03  3.50169e-05  1.00000e+00  5.11617e-03  5.11619e-03
5.022000000e+00  5.1132211e-03  3.59492e-05  1.00000e+00  5.11322e-03  5.11324e-03
5.044000000e+00  5.1127582e-03  3.55461e-05  1.00000e+00  5.11276e-03  5.11277e-03
5.066000000e+00  5.1133391e-03  3.59907e-05  1.00000e+00  5.11334e-03  5.11335e-03
5.088000000e+00  5.1172574e-03  3.66050e-05  1.00000e+00  5.11726e-03  5.11727e-03
5.110000000e+00  5.1196577e-03  3.67346e-05  1.00000e+00  5.11966e-03  5.11968e-03
5.132000000e+00  5.1167283e-03  3.72176e-05  1.00000e+00  5.11673e-03  5.11675e-03
5.154000000e+00  5.1218348e-03  3.76839e-05  1.00000e+00  5.12183e-03  5.12185e-03
5.176000000e+00  5.1328803e-03  3.79518e-05  1.00000e+00  5.13288e-03  5.13290e-03
5.198000000e+00  5.1303196e-03  3.80291e-05  1.00000e+00  5.13032e-03  5.13034e-03
5.220000000e+00  5.1325522e-03  3.85729e-05  1.00000e+00  5.13255e-03  5.13257e-03
5.242000000e+00  5.1303418e-03  3.91132e-05  1.00000e+00  5.13034e-03  5.13037e-03
5.264000000e+00  5.1283905e-03  3.90044e-05  1.00000e+00  5.12839e-03  5.12842e-03
5.286000000e+00  5.1225003e-03  4.00352e-05  1.00000e+00  5.12250e-03  5.12253e-03
