# ------------------------------------------------------------------------
# Radiance spectrum
# NASA-GSFC Planetary Spectrum Generator (PSG) (Villanueva et al. 2018, 2022)
# Synthesized on Fri Jun  9 07:44:48 2023
# Doppler velocities [km/s] (vobs,vrot+vorb,vwidth,vrfl,vstr): -21.10000,-0.00000,0.54000,0.00000,0.00000
# ------------------------------------------------------------------------
# Spectra synthesized with the Planetary and Universal Model of Atmospheric Scattering (PUMAS, Villanueva et al. 2018, 2022)
# Single scattering radiative transfer method
# ------------------------------------------------------------------------
# Spectral unit: Wavelength [um]
# Radiance unit: Contrast [radiance ratio w.r.t. parent star]
# Wave/freq Total Noise Stellar GJ-1214-b Transit
5.000000000e-01  1.3209197e-02  5.33268e-04  1.00000e+00  1.32092e-02  1.32092e-02
5.166666667e-01  1.3206231e-02  4.93739e-04  1.00000e+00  1.32062e-02  1.32062e-02
5.338888889e-01  1.3203304e-02  3.39506e-04  1.00000e+00  1.32033e-02  1.32033e-02
5.516851852e-01  1.3200392e-02  3.53220e-04  1.00000e+00  1.32004e-02  1.32004e-02
5.700746914e-01  1.3197498e-02  3.27710e-04  1.00000e+00  1.31975e-02  1.31975e-02
5.890771811e-01  1.3194626e-02  3.47691e-04  1.00000e+00  1.31946e-02  1.31946e-02
6.087130871e-01  1.3191784e-02  2.61906e-04  1.00000e+00  1.31918e-02  1.31918e-02
6.290035233e-01  1.3188974e-02  2.88164e-04  1.00000e+00  1.31890e-02  1.31890e-02
6.499703075e-01  1.3186210e-02  2.20893e-04  1.00000e+00  1.31862e-02  1.31862e-02
6.716359844e-01  1.3183501e-02  2.55335e-04  1.00000e+00  1.31835e-02  1.31835e-02
6.940238505e-01  1.3180863e-02  1.82548e-04  1.00000e+00  1.31809e-02  1.31809e-02
7.171579789e-01  1.3178297e-02  2.18364e-04  1.00000e+00  1.31783e-02  1.31783e-02
7.410632448e-01  1.3175822e-02  1.28321e-04  1.00000e+00  1.31758e-02  1.31758e-02
7.657653530e-01  1.3173439e-02  1.36964e-04  1.00000e+00  1.31734e-02  1.31734e-02
7.912908648e-01  1.3171218e-02  1.26669e-04  1.00000e+00  1.31712e-02  1.31712e-02
8.176672269e-01  1.3168969e-02  1.09815e-04  1.00000e+00  1.31690e-02  1.31690e-02
8.449228011e-01  1.3166860e-02  1.13435e-04  1.00000e+00  1.31669e-02  1.31669e-02
8.730868945e-01  1.3164851e-02  1.00987e-04  1.00000e+00  1.31649e-02  1.31649e-02
9.021897910e-01  1.3162928e-02  1.01887e-04  1.00000e+00  1.31629e-02  1.31629e-02
9.322627840e-01  1.3161089e-02  9.30894e-05  1.00000e+00  1.31611e-02  1.31611e-02
9.633382102e-01  1.3159552e-02  9.02151e-05  1.00000e+00  1.31596e-02  1.31596e-02
9.954494838e-01  1.3157663e-02  8.84520e-05  1.00000e+00  1.31577e-02  1.31577e-02
1.028631133e+00  1.3156073e-02  8.43984e-05  1.00000e+00  1.31561e-02  1.31561e-02
1.062918838e+00  1.3154570e-02  8.14254e-05  1.00000e+00  1.31546e-02  1.31546e-02
1.098349466e+00  1.3153155e-02  8.15375e-05  1.00000e+00  1.31532e-02  1.31532e-02
1.134961115e+00  1.3151828e-02  8.22856e-05  1.00000e+00  1.31518e-02  1.31518e-02
1.172793152e+00  1.3157195e-02  8.09905e-05  1.00000e+00  1.31572e-02  1.31572e-02
1.211886257e+00  1.3152139e-02  7.85487e-05  1.00000e+00  1.31521e-02  1.31521e-02
1.252282465e+00  1.3148392e-02  7.64382e-05  1.00000e+00  1.31484e-02  1.31484e-02
1.294025214e+00  1.3147408e-02  7.50798e-05  1.00000e+00  1.31474e-02  1.31474e-02
1.337159388e+00  1.3146517e-02  8.37593e-05  1.00000e+00  1.31465e-02  1.31465e-02
1.381731368e+00  1.3145705e-02  9.02844e-05  1.00000e+00  1.31457e-02  1.31457e-02
1.427789080e+00  1.3144967e-02  9.40434e-05  1.00000e+00  1.31450e-02  1.31450e-02
1.475382049e+00  1.3144299e-02  9.29858e-05  1.00000e+00  1.31443e-02  1.31443e-02
1.524561451e+00  1.3143697e-02  8.95961e-05  1.00000e+00  1.31437e-02  1.31437e-02
1.575380166e+00  1.3197943e-02  8.55896e-05  1.00000e+00  1.31979e-02  1.31979e-02
1.627892838e+00  1.3161267e-02  8.11577e-05  1.00000e+00  1.31613e-02  1.31613e-02
1.682155933e+00  1.3142625e-02  7.80403e-05  1.00000e+00  1.31426e-02  1.31426e-02
1.738227797e+00  1.3141825e-02  8.53325e-05  1.00000e+00  1.31418e-02  1.31419e-02
1.796168724e+00  1.3141448e-02  9.43878e-05  1.00000e+00  1.31414e-02  1.31415e-02
1.856041014e+00  1.3141098e-02  9.85262e-05  1.00000e+00  1.31411e-02  1.31412e-02
1.917909048e+00  1.3140782e-02  9.66870e-05  1.00000e+00  1.31408e-02  1.31410e-02
1.981839350e+00  1.3140471e-02  9.75128e-05  1.00000e+00  1.31405e-02  1.31407e-02
2.047900661e+00  1.3140163e-02  9.78646e-05  1.00000e+00  1.31402e-02  1.31405e-02
2.116164017e+00  1.3139881e-02  9.47272e-05  1.00000e+00  1.31399e-02  1.31403e-02
2.186702817e+00  1.3139618e-02  9.03857e-05  1.00000e+00  1.31396e-02  1.31402e-02
2.259592911e+00  1.3149942e-02  8.70329e-05  1.00000e+00  1.31499e-02  1.31504e-02
2.334912675e+00  1.3247014e-02  9.07921e-05  1.00000e+00  1.32470e-02  1.32472e-02
2.412743097e+00  1.3227992e-02  1.00309e-04  1.00000e+00  1.32280e-02  1.32283e-02
2.493167867e+00  1.3170674e-02  1.12065e-04  1.00000e+00  1.31707e-02  1.31716e-02
2.576273463e+00  1.3137289e-02  1.16061e-04  1.00000e+00  1.31373e-02  1.31405e-02
2.662149245e+00  1.3135572e-02  1.14625e-04  1.00000e+00  1.31356e-02  1.31395e-02
2.750887553e+00  1.3134091e-02  1.20093e-04  1.00000e+00  1.31341e-02  1.31394e-02
2.842583805e+00  1.3132468e-02  1.23255e-04  1.00000e+00  1.31325e-02  1.31394e-02
2.937336599e+00  1.3130710e-02  1.24829e-04  1.00000e+00  1.31307e-02  1.31393e-02
3.035247818e+00  1.3128761e-02  1.25676e-04  1.00000e+00  1.31288e-02  1.31393e-02
3.136422746e+00  1.3126796e-02  1.25081e-04  1.00000e+00  1.31268e-02  1.31392e-02
3.240970171e+00  1.3124838e-02  1.23506e-04  1.00000e+00  1.31248e-02  1.31392e-02
3.349002510e+00  1.3122792e-02  1.21716e-04  1.00000e+00  1.31228e-02  1.31392e-02
3.460635927e+00  1.3120464e-02  1.20475e-04  1.00000e+00  1.31205e-02  1.31391e-02
3.575990457e+00  1.3117811e-02  1.19754e-04  1.00000e+00  1.31178e-02  1.31391e-02
3.695190139e+00  1.3114970e-02  1.19058e-04  1.00000e+00  1.31150e-02  1.31391e-02
3.818363144e+00  1.3112020e-02  1.18239e-04  1.00000e+00  1.31120e-02  1.31391e-02
3.945641916e+00  1.3107586e-02  1.20087e-04  1.00000e+00  1.31076e-02  1.31391e-02
4.077163313e+00  1.3100183e-02  1.26219e-04  1.00000e+00  1.31002e-02  1.31390e-02
4.213068756e+00  1.3092326e-02  1.31412e-04  1.00000e+00  1.30923e-02  1.31390e-02
4.353504382e+00  1.3172914e-02  1.36645e-04  1.00000e+00  1.31729e-02  1.32030e-02
4.498621194e+00  1.3252768e-02  1.42378e-04  1.00000e+00  1.32528e-02  1.32841e-02
4.648575234e+00  1.3253448e-02  1.47048e-04  1.00000e+00  1.32534e-02  1.32910e-02
4.803527742e+00  1.3243028e-02  1.52508e-04  1.00000e+00  1.32430e-02  1.32882e-02
4.963645333e+00  1.3208705e-02  1.58685e-04  1.00000e+00  1.32087e-02  1.32628e-02
5.129100178e+00  1.3157217e-02  1.65259e-04  1.00000e+00  1.31572e-02  1.32217e-02
5.300070184e+00  1.3068175e-02  1.71228e-04  1.00000e+00  1.30682e-02  1.31656e-02
5.476739190e+00  1.2987342e-02  1.77774e-04  1.00000e+00  1.29873e-02  1.31401e-02
5.659297163e+00  1.2969733e-02  1.82670e-04  1.00000e+00  1.29697e-02  1.31390e-02
5.847940402e+00  1.2953932e-02  1.87194e-04  1.00000e+00  1.29539e-02  1.31390e-02
6.042871748e+00  1.2941132e-02  1.90064e-04  1.00000e+00  1.29411e-02  1.31390e-02
6.244300807e+00  1.2927947e-02  1.93295e-04  1.00000e+00  1.29279e-02  1.31390e-02
6.452444167e+00  1.2893364e-02  2.07187e-04  1.00000e+00  1.28934e-02  1.31390e-02
6.667525639e+00  1.2846767e-02  2.26001e-04  1.00000e+00  1.28468e-02  1.31390e-02
6.889776494e+00  1.2824571e-02  2.33500e-04  1.00000e+00  1.28246e-02  1.31390e-02
7.119435710e+00  1.2803148e-02  2.41039e-04  1.00000e+00  1.28031e-02  1.31390e-02
7.356750234e+00  1.2781747e-02  2.49066e-04  1.00000e+00  1.27817e-02  1.31390e-02
7.601975242e+00  1.2755507e-02  2.59755e-04  1.00000e+00  1.27555e-02  1.31389e-02
