# ------------------------------------------------------------------------
# Radiance spectrum
# NASA-GSFC Planetary Spectrum Generator (PSG) (Villanueva et al. 2018, 2022)
# Synthesized on Fri Jun  9 08:14:25 2023
# Doppler velocities [km/s] (vobs,vrot+vorb,vwidth,vrfl,vstr): 0.00000,-0.00000,0.54000,0.00000,0.00000
# ------------------------------------------------------------------------
# Spectra synthesized with the Planetary and Universal Model of Atmospheric Scattering (PUMAS, Villanueva et al. 2018, 2022)
# Single scattering radiative transfer method
# ------------------------------------------------------------------------
# Spectral unit: Wavelength [um]
# Radiance unit: Contrast [radiance ratio w.r.t. parent star]
# Wave/freq Total Noise Stellar GJ-1214-b Transit
5.000000000e-01  1.3780243e-02  5.32012e-04  1.00000e+00  1.37802e-02  1.37802e-02
5.166666667e-01  1.3750582e-02  4.93765e-04  1.00000e+00  1.37506e-02  1.37506e-02
5.338888889e-01  1.3751126e-02  3.39504e-04  1.00000e+00  1.37511e-02  1.37511e-02
5.516851852e-01  1.3712692e-02  3.53220e-04  1.00000e+00  1.37127e-02  1.37127e-02
5.700746914e-01  1.3676328e-02  3.27709e-04  1.00000e+00  1.36763e-02  1.36763e-02
5.890771811e-01  1.3627943e-02  3.47695e-04  1.00000e+00  1.36279e-02  1.36279e-02
6.087130871e-01  1.3778494e-02  2.61882e-04  1.00000e+00  1.37785e-02  1.37785e-02
6.290035233e-01  1.3801673e-02  2.88135e-04  1.00000e+00  1.38017e-02  1.38017e-02
6.499703075e-01  1.3618037e-02  2.20883e-04  1.00000e+00  1.36180e-02  1.36180e-02
6.716359844e-01  1.3684529e-02  2.55314e-04  1.00000e+00  1.36845e-02  1.36845e-02
6.940238505e-01  1.3718495e-02  1.82526e-04  1.00000e+00  1.37185e-02  1.37185e-02
7.171579789e-01  1.4270660e-02  2.18280e-04  1.00000e+00  1.42707e-02  1.42707e-02
7.410632448e-01  1.4029641e-02  1.28282e-04  1.00000e+00  1.40296e-02  1.40296e-02
7.657653530e-01  1.3975169e-02  1.36926e-04  1.00000e+00  1.39752e-02  1.39752e-02
7.912908648e-01  1.4330710e-02  1.26610e-04  1.00000e+00  1.43307e-02  1.43307e-02
8.176672269e-01  1.3853348e-02  1.09789e-04  1.00000e+00  1.38533e-02  1.38533e-02
8.449228011e-01  1.4344110e-02  1.13379e-04  1.00000e+00  1.43441e-02  1.43441e-02
8.730868945e-01  1.5047210e-02  1.00813e-04  1.00000e+00  1.50472e-02  1.50472e-02
9.021897910e-01  1.5070600e-02  1.01913e-04  1.00000e+00  1.50706e-02  1.50706e-02
9.322627840e-01  1.3912979e-02  9.30559e-05  1.00000e+00  1.39130e-02  1.39130e-02
9.633382102e-01  1.4812610e-02  9.01356e-05  1.00000e+00  1.48126e-02  1.48126e-02
9.954494838e-01  1.5141410e-02  8.83776e-05  1.00000e+00  1.51414e-02  1.51414e-02
1.028631133e+00  1.4839030e-02  8.43396e-05  1.00000e+00  1.48390e-02  1.48390e-02
1.062918838e+00  1.3686298e-02  8.14100e-05  1.00000e+00  1.36863e-02  1.36863e-02
1.098349466e+00  1.4582400e-02  8.14523e-05  1.00000e+00  1.45824e-02  1.45824e-02
1.134961115e+00  1.5518160e-02  8.21908e-05  1.00000e+00  1.55182e-02  1.55182e-02
1.172793152e+00  1.5545550e-02  8.08982e-05  1.00000e+00  1.55455e-02  1.55455e-02
1.211886257e+00  1.4745800e-02  7.84947e-05  1.00000e+00  1.47458e-02  1.47458e-02
1.252282465e+00  1.3978975e-02  7.64086e-05  1.00000e+00  1.39790e-02  1.39790e-02
1.294025214e+00  1.4517700e-02  7.50300e-05  1.00000e+00  1.45177e-02  1.45177e-02
1.337159388e+00  1.5541940e-02  8.36605e-05  1.00000e+00  1.55419e-02  1.55419e-02
1.381731368e+00  1.5765460e-02  9.01677e-05  1.00000e+00  1.57655e-02  1.57655e-02
1.427789080e+00  1.5375010e-02  9.39400e-05  1.00000e+00  1.53750e-02  1.53750e-02
1.475382049e+00  1.4779820e-02  9.29108e-05  1.00000e+00  1.47798e-02  1.47798e-02
1.524561451e+00  1.4073501e-02  8.95552e-05  1.00000e+00  1.40735e-02  1.40735e-02
1.575380166e+00  1.4142256e-02  8.55495e-05  1.00000e+00  1.41423e-02  1.41423e-02
1.627892838e+00  1.5538039e-02  8.10611e-05  1.00000e+00  1.55380e-02  1.55380e-02
1.682155933e+00  1.5848648e-02  7.79342e-05  1.00000e+00  1.58486e-02  1.58486e-02
1.738227797e+00  1.5765316e-02  8.52200e-05  1.00000e+00  1.57653e-02  1.57653e-02
1.796168724e+00  1.5572573e-02  9.42725e-05  1.00000e+00  1.55726e-02  1.55726e-02
1.856041014e+00  1.5145807e-02  9.84267e-05  1.00000e+00  1.51458e-02  1.51458e-02
1.917909048e+00  1.4651591e-02  9.66129e-05  1.00000e+00  1.46516e-02  1.46516e-02
1.981839350e+00  1.4156716e-02  9.74620e-05  1.00000e+00  1.41567e-02  1.41568e-02
2.047900661e+00  1.4240684e-02  9.78092e-05  1.00000e+00  1.42407e-02  1.42407e-02
2.116164017e+00  1.5054708e-02  9.46348e-05  1.00000e+00  1.50547e-02  1.50548e-02
2.186702817e+00  1.5911699e-02  9.02585e-05  1.00000e+00  1.59117e-02  1.59118e-02
2.259592911e+00  1.6372922e-02  8.68948e-05  1.00000e+00  1.63729e-02  1.63730e-02
2.334912675e+00  1.6419575e-02  9.06031e-05  1.00000e+00  1.64196e-02  1.64197e-02
2.412743097e+00  1.6158562e-02  1.00082e-04  1.00000e+00  1.61586e-02  1.61588e-02
2.493167867e+00  1.5550737e-02  1.11884e-04  1.00000e+00  1.55507e-02  1.55512e-02
2.576273463e+00  1.5541264e-02  1.15944e-04  1.00000e+00  1.55413e-02  1.55420e-02
2.662149245e+00  1.4852989e-02  1.14521e-04  1.00000e+00  1.48530e-02  1.48539e-02
2.750887553e+00  1.4165690e-02  1.20021e-04  1.00000e+00  1.41657e-02  1.41673e-02
2.842583805e+00  1.4001408e-02  1.23173e-04  1.00000e+00  1.40014e-02  1.40042e-02
2.937336599e+00  1.4330796e-02  1.24766e-04  1.00000e+00  1.43308e-02  1.43335e-02
3.035247818e+00  1.4982307e-02  1.25596e-04  1.00000e+00  1.49823e-02  1.49853e-02
3.136422746e+00  1.6127746e-02  1.24880e-04  1.00000e+00  1.61277e-02  1.61315e-02
3.240970171e+00  1.6393789e-02  1.23302e-04  1.00000e+00  1.63938e-02  1.63983e-02
3.349002510e+00  1.6553288e-02  1.21504e-04  1.00000e+00  1.65533e-02  1.65587e-02
3.460635927e+00  1.6459440e-02  1.20271e-04  1.00000e+00  1.64594e-02  1.64659e-02
3.575990457e+00  1.6220836e-02  1.19565e-04  1.00000e+00  1.62208e-02  1.62286e-02
3.695190139e+00  1.5852540e-02  1.18891e-04  1.00000e+00  1.58525e-02  1.58617e-02
3.818363144e+00  1.5620574e-02  1.18086e-04  1.00000e+00  1.56206e-02  1.56313e-02
3.945641916e+00  1.5354484e-02  1.19948e-04  1.00000e+00  1.53545e-02  1.53675e-02
4.077163313e+00  1.4957950e-02  1.26098e-04  1.00000e+00  1.49579e-02  1.49746e-02
4.213068756e+00  1.4624963e-02  1.31306e-04  1.00000e+00  1.46250e-02  1.46459e-02
4.353504382e+00  1.4345182e-02  1.36559e-04  1.00000e+00  1.43452e-02  1.43718e-02
4.498621194e+00  1.4153504e-02  1.42308e-04  1.00000e+00  1.41535e-02  1.41896e-02
4.648575234e+00  1.3865730e-02  1.46997e-04  1.00000e+00  1.38657e-02  1.39181e-02
4.803527742e+00  1.3888887e-02  1.52452e-04  1.00000e+00  1.38889e-02  1.39502e-02
4.963645333e+00  1.4133644e-02  1.58606e-04  1.00000e+00  1.41336e-02  1.41956e-02
5.129100178e+00  1.4401274e-02  1.65153e-04  1.00000e+00  1.44013e-02  1.44676e-02
5.300070184e+00  1.4675601e-02  1.71089e-04  1.00000e+00  1.46756e-02  1.47520e-02
5.476739190e+00  1.4944333e-02  1.77602e-04  1.00000e+00  1.49443e-02  1.50332e-02
5.659297163e+00  1.5172414e-02  1.82474e-04  1.00000e+00  1.51724e-02  1.52734e-02
5.847940402e+00  1.5274325e-02  1.86987e-04  1.00000e+00  1.52743e-02  1.53878e-02
6.042871748e+00  1.5417040e-02  1.89842e-04  1.00000e+00  1.54170e-02  1.55416e-02
6.244300807e+00  1.5419507e-02  1.93126e-04  1.00000e+00  1.54195e-02  1.55558e-02
6.452444167e+00  1.5785120e-02  2.06791e-04  1.00000e+00  1.57851e-02  1.59474e-02
6.667525639e+00  1.5230636e-02  2.25756e-04  1.00000e+00  1.52306e-02  1.54285e-02
6.889776494e+00  1.5458944e-02  2.33242e-04  1.00000e+00  1.54589e-02  1.56767e-02
7.119435710e+00  1.5817094e-02  2.40719e-04  1.00000e+00  1.58171e-02  1.60548e-02
7.356750234e+00  1.6237666e-02  2.48724e-04  1.00000e+00  1.62377e-02  1.64959e-02
7.601975242e+00  1.6098594e-02  2.59385e-04  1.00000e+00  1.60986e-02  1.63813e-02
