# ------------------------------------------------------------------------
# Radiance spectrum
# NASA-GSFC Planetary Spectrum Generator (PSG) (Villanueva et al. 2018, 2022)
# Synthesized on Mon Mar 20 13:14:56 2023
# Doppler velocities [km/s] (vobs,vrot+vorb,vwidth,vrfl,vstr): 31.95000,-0.00000,0.11000,-0.00000,0.00000
# Spectral unit: Wavelength [um]
# Radiance unit: Contrast [radiance ratio w.r.t. parent star]
# Wave/freq Total Noise Stellar Object Reflected Thermal Transit
5.000000000e-01  3.6142070e-04  4.37943e-05  1.00000e+00  3.61421e-04 -0.00000e+00 -3.90453e-18  3.61421e-04
5.166666667e-01  3.6142070e-04  4.44552e-05  1.00000e+00  3.61421e-04 -0.00000e+00 -1.22755e-17  3.61421e-04
5.338888889e-01  3.6142070e-04  3.98736e-05  1.00000e+00  3.61421e-04 -0.00000e+00 -3.01616e-17  3.61421e-04
5.516851852e-01  3.6142070e-04  3.74360e-05  1.00000e+00  3.61421e-04 -0.00000e+00 -7.78079e-17  3.61421e-04
5.700746914e-01  3.6142070e-04  3.52687e-05  1.00000e+00  3.61421e-04 -0.00000e+00 -1.94523e-16  3.61421e-04
5.890771811e-01  3.6142070e-04  3.38238e-05  1.00000e+00  3.61421e-04 -0.00000e+00 -4.85352e-16  3.61421e-04
6.087130871e-01  3.6142070e-04  3.26513e-05  1.00000e+00  3.61421e-04 -0.00000e+00 -1.18390e-15  3.61421e-04
6.290035233e-01  3.6142070e-04  3.16630e-05  1.00000e+00  3.61421e-04 -0.00000e+00 -2.81557e-15  3.61421e-04
6.499703075e-01  3.6142070e-04  3.07245e-05  1.00000e+00  3.61421e-04 -0.00000e+00 -6.48601e-15  3.61421e-04
6.716359844e-01  3.6142070e-04  2.95874e-05  1.00000e+00  3.61421e-04 -0.00000e+00 -1.42548e-14  3.61421e-04
6.940238505e-01  3.6142070e-04  2.88618e-05  1.00000e+00  3.61421e-04 -0.00000e+00 -3.11502e-14  3.61421e-04
7.171579789e-01  3.6142070e-04  2.83271e-05  1.00000e+00  3.61421e-04 -0.00000e+00 -6.68602e-14  3.61421e-04
7.410632448e-01  3.6142070e-04  2.76482e-05  1.00000e+00  3.61421e-04 -0.00000e+00 -1.37886e-13  3.61421e-04
7.657653530e-01  3.6142070e-04  2.68934e-05  1.00000e+00  3.61421e-04 -0.00000e+00 -2.74625e-13  3.61421e-04
7.912908648e-01  3.6142070e-04  2.64061e-05  1.00000e+00  3.61421e-04 -0.00000e+00 -5.42245e-13  3.61421e-04
8.176672269e-01  3.6142070e-04  2.60701e-05  1.00000e+00  3.61421e-04 -0.00000e+00 -1.05420e-12  3.61421e-04
8.449228011e-01  3.6142070e-04  2.58248e-05  1.00000e+00  3.61421e-04 -0.00000e+00 -2.01127e-12  3.61421e-04
8.730868945e-01  3.6142070e-04  2.52877e-05  1.00000e+00  3.61421e-04 -0.00000e+00 -3.65944e-12  3.61421e-04
9.021897910e-01  3.6142069e-04  2.46793e-05  1.00000e+00  3.61421e-04 -0.00000e+00 -6.45871e-12  3.61421e-04
9.322627840e-01  3.6142069e-04  2.46280e-05  1.00000e+00  3.61421e-04 -0.00000e+00 -1.16403e-11  3.61421e-04
9.633382102e-01  3.6142068e-04  2.41802e-05  1.00000e+00  3.61421e-04 -0.00000e+00 -1.98671e-11  3.61421e-04
9.954494838e-01  3.6142067e-04  2.36830e-05  1.00000e+00  3.61421e-04 -0.00000e+00 -3.30247e-11  3.61421e-04
1.028631133e+00  3.6142065e-04  2.33907e-05  1.00000e+00  3.61421e-04 -0.00000e+00 -5.46565e-11  3.61421e-04
1.062918838e+00  3.6142061e-04  2.31703e-05  1.00000e+00  3.61421e-04 -0.00000e+00 -8.91660e-11  3.61421e-04
1.098349466e+00  3.6142055e-04  2.32950e-05  1.00000e+00  3.61421e-04 -0.00000e+00 -1.46892e-10  3.61421e-04
1.134961115e+00  3.6142047e-04  2.29936e-05  1.00000e+00  3.61420e-04 -0.00000e+00 -2.28969e-10  3.61421e-04
1.172793152e+00  3.6142035e-04  2.26898e-05  1.00000e+00  3.61420e-04 -0.00000e+00 -3.50234e-10  3.61421e-04
1.211886257e+00  3.6142017e-04  2.24188e-05  1.00000e+00  3.61420e-04 -0.00000e+00 -5.27641e-10  3.61421e-04
1.252282465e+00  3.6141992e-04  2.21019e-05  1.00000e+00  3.61420e-04 -0.00000e+00 -7.77952e-10  3.61421e-04
1.294025214e+00  3.6141955e-04  2.19651e-05  1.00000e+00  3.61420e-04 -0.00000e+00 -1.14620e-09  3.61421e-04
1.337159388e+00  3.6141906e-04  2.17037e-05  1.00000e+00  3.61419e-04 -0.00000e+00 -1.64296e-09  3.61421e-04
1.381731368e+00  3.6141837e-04  2.14901e-05  1.00000e+00  3.61418e-04 -0.00000e+00 -2.32824e-09  3.61421e-04
1.427789080e+00  3.6141738e-04  2.15102e-05  1.00000e+00  3.61417e-04 -0.00000e+00 -3.32053e-09  3.61421e-04
1.475382049e+00  3.6141612e-04  2.13361e-05  1.00000e+00  3.61416e-04 -0.00000e+00 -4.58419e-09  3.61421e-04
1.524561451e+00  3.6141451e-04  2.10847e-05  1.00000e+00  3.61415e-04 -0.00000e+00 -6.19427e-09  3.61421e-04
1.575380166e+00  3.6141232e-04  2.09934e-05  1.00000e+00  3.61412e-04 -0.00000e+00 -8.38020e-09  3.61421e-04
1.627892838e+00  3.6140957e-04  2.08446e-05  1.00000e+00  3.61410e-04 -0.00000e+00 -1.11277e-08  3.61421e-04
1.682155933e+00  3.6140561e-04  2.10547e-05  1.00000e+00  3.61406e-04 -0.00000e+00 -1.50925e-08  3.61421e-04
1.738227797e+00  3.6139998e-04  2.15302e-05  1.00000e+00  3.61400e-04 -0.00000e+00 -2.07171e-08  3.61421e-04
1.796168724e+00  3.6139286e-04  2.19135e-05  1.00000e+00  3.61393e-04 -0.00000e+00 -2.78399e-08  3.61421e-04
1.856041014e+00  3.6138296e-04  2.25326e-05  1.00000e+00  3.61383e-04 -0.00000e+00 -3.77358e-08  3.61421e-04
1.917909048e+00  3.6137056e-04  2.30682e-05  1.00000e+00  3.61371e-04 -0.00000e+00 -5.01428e-08  3.61421e-04
1.981839350e+00  3.6135538e-04  2.35097e-05  1.00000e+00  3.61355e-04 -0.00000e+00 -6.53205e-08  3.61421e-04
2.047900661e+00  3.6133621e-04  2.40009e-05  1.00000e+00  3.61336e-04 -0.00000e+00 -8.44911e-08  3.61421e-04
2.116164017e+00  3.6131205e-04  2.45557e-05  1.00000e+00  3.61312e-04 -0.00000e+00 -1.08647e-07  3.61421e-04
2.186702817e+00  3.6128161e-04  2.51920e-05  1.00000e+00  3.61282e-04 -0.00000e+00 -1.39089e-07  3.61421e-04
2.259592911e+00  3.6124402e-04  2.58680e-05  1.00000e+00  3.61244e-04 -0.00000e+00 -1.76683e-07  3.61421e-04
2.334912675e+00  3.6118913e-04  2.71136e-05  1.00000e+00  3.61189e-04 -0.00000e+00 -2.31570e-07  3.61421e-04
2.412743097e+00  3.6112805e-04  2.80262e-05  1.00000e+00  3.61128e-04 -0.00000e+00 -2.92651e-07  3.61421e-04
2.493167867e+00  3.6106343e-04  2.85903e-05  1.00000e+00  3.61063e-04 -0.00000e+00 -3.57272e-07  3.61421e-04
2.576273463e+00  3.6099042e-04  2.90881e-05  1.00000e+00  3.60990e-04 -0.00000e+00 -4.30279e-07  3.61421e-04
2.662149245e+00  3.6090337e-04  2.96906e-05  1.00000e+00  3.60903e-04 -0.00000e+00 -5.17326e-07  3.61421e-04
2.750887553e+00  3.6080696e-04  3.02203e-05  1.00000e+00  3.60807e-04 -0.00000e+00 -6.13744e-07  3.61421e-04
2.842583805e+00  3.6068983e-04  3.09371e-05  1.00000e+00  3.60690e-04 -0.00000e+00 -7.30872e-07  3.61421e-04
2.937336599e+00  3.6055211e-04  3.17564e-05  1.00000e+00  3.60552e-04 -0.00000e+00 -8.68590e-07  3.61421e-04
3.035247818e+00  3.6039320e-04  3.26383e-05  1.00000e+00  3.60393e-04 -0.00000e+00 -1.02750e-06  3.61421e-04
3.136422746e+00  3.6021254e-04  3.35585e-05  1.00000e+00  3.60213e-04 -0.00000e+00 -1.20816e-06  3.61421e-04
3.240970171e+00  3.6000958e-04  3.45034e-05  1.00000e+00  3.60010e-04 -0.00000e+00 -1.41112e-06  3.61421e-04
3.349002510e+00  3.5977497e-04  3.55647e-05  1.00000e+00  3.59775e-04 -0.00000e+00 -1.64573e-06  3.61421e-04
3.460635927e+00  3.5952524e-04  3.65397e-05  1.00000e+00  3.59525e-04 -0.00000e+00 -1.89546e-06  3.61421e-04
3.575990457e+00  3.5924395e-04  3.76008e-05  1.00000e+00  3.59244e-04 -0.00000e+00 -2.17675e-06  3.61421e-04
3.695190139e+00  3.5891034e-04  3.88925e-05  1.00000e+00  3.58910e-04 -0.00000e+00 -2.51036e-06  3.61421e-04
3.818363144e+00  3.5858259e-04  3.99338e-05  1.00000e+00  3.58583e-04 -0.00000e+00 -2.83811e-06  3.61421e-04
3.945641916e+00  3.5820986e-04  4.11316e-05  1.00000e+00  3.58210e-04 -0.00000e+00 -3.21084e-06  3.61421e-04
4.077163313e+00  3.5780694e-04  4.23760e-05  1.00000e+00  3.57807e-04 -0.00000e+00 -3.61376e-06  3.61421e-04
4.213068756e+00  3.5737210e-04  4.37146e-05  1.00000e+00  3.57372e-04 -0.00000e+00 -4.04860e-06  3.61421e-04
4.353504382e+00  3.5601362e-04  4.95891e-05  1.00000e+00  3.56014e-04 -0.00000e+00 -5.40708e-06  3.61421e-04
4.498621194e+00  3.5467126e-04  5.45181e-05  1.00000e+00  3.54671e-04 -0.00000e+00 -6.74944e-06  3.61421e-04
4.648575234e+00  3.5410200e-04  5.57871e-05  1.00000e+00  3.54102e-04 -0.00000e+00 -7.31870e-06  3.61421e-04
4.803527742e+00  3.5375847e-04  5.61630e-05  1.00000e+00  3.53758e-04 -0.00000e+00 -7.66223e-06  3.61421e-04
4.963645333e+00  3.5311456e-04  5.77613e-05  1.00000e+00  3.53115e-04 -0.00000e+00 -8.30614e-06  3.61421e-04
5.129100178e+00  3.5255071e-04  5.90756e-05  1.00000e+00  3.52551e-04 -0.00000e+00 -8.86999e-06  3.61421e-04
5.300070184e+00  3.5202198e-04  6.03143e-05  1.00000e+00  3.52022e-04 -0.00000e+00 -9.39872e-06  3.61421e-04
5.476739190e+00  3.5154505e-04  6.14441e-05  1.00000e+00  3.51545e-04 -0.00000e+00 -9.87565e-06  3.61421e-04
5.659297163e+00  3.5115751e-04  6.23598e-05  1.00000e+00  3.51158e-04 -0.00000e+00 -1.02632e-05  3.61421e-04
5.847940402e+00  3.5064306e-04  6.38122e-05  1.00000e+00  3.50643e-04 -0.00000e+00 -1.07776e-05  3.61421e-04
6.042871748e+00  3.5009277e-04  6.54922e-05  1.00000e+00  3.50093e-04 -0.00000e+00 -1.13279e-05  3.61421e-04
6.244300807e+00  3.4948162e-04  6.74929e-05  1.00000e+00  3.49482e-04 -0.00000e+00 -1.19391e-05  3.61421e-04
6.452444167e+00  3.4880003e-04  6.98585e-05  1.00000e+00  3.48800e-04 -0.00000e+00 -1.26207e-05  3.61421e-04
6.667525639e+00  3.4805041e-04  7.25998e-05  1.00000e+00  3.48050e-04 -0.00000e+00 -1.33703e-05  3.61421e-04
6.889776494e+00  3.4723936e-04  7.57211e-05  1.00000e+00  3.47239e-04 -0.00000e+00 -1.41813e-05  3.61421e-04
7.119435710e+00  3.4638793e-04  7.91868e-05  1.00000e+00  3.46388e-04 -0.00000e+00 -1.50328e-05  3.61421e-04
7.356750234e+00  3.4551194e-04  8.29839e-05  1.00000e+00  3.45512e-04 -0.00000e+00 -1.59088e-05  3.61421e-04
7.601975242e+00  3.4462884e-04  8.70979e-05  1.00000e+00  3.44629e-04 -0.00000e+00 -1.67919e-05  3.61421e-04
