# ------------------------------------------------------------------------
# Radiance spectrum
# NASA-GSFC Planetary Spectrum Generator (PSG) (Villanueva et al. 2018, 2022)
# Synthesized on Mon Mar 20 13:13:27 2023
# Doppler velocities [km/s] (vobs,vrot+vorb,vwidth,vrfl,vstr): 31.95000,-0.00000,0.11000,-0.00000,0.00000
# ------------------------------------------------------------------------
# Spectra synthesized with the Planetary and Universal Model of Atmospheric Scattering (PUMAS, Villanueva et al. 2018, 2022)
# Single scattering radiative transfer method
# ------------------------------------------------------------------------
# Spectral unit: Wavelength [um]
# Radiance unit: Contrast [radiance ratio w.r.t. parent star]
# Wave/freq Total Noise Stellar GJ-9827-c Transit
5.000000000e-01  3.8211870e-04  4.37939e-05  1.00000e+00  3.82119e-04  3.82119e-04
5.166666667e-01  3.8169110e-04  4.44548e-05  1.00000e+00  3.81691e-04  3.81691e-04
5.338888889e-01  3.8125870e-04  3.98732e-05  1.00000e+00  3.81259e-04  3.81259e-04
5.516851852e-01  3.8081860e-04  3.74356e-05  1.00000e+00  3.80819e-04  3.80819e-04
5.700746914e-01  3.8037130e-04  3.52684e-05  1.00000e+00  3.80371e-04  3.80371e-04
5.890771811e-01  3.7991740e-04  3.38235e-05  1.00000e+00  3.79917e-04  3.79917e-04
6.087130871e-01  3.7945720e-04  3.26510e-05  1.00000e+00  3.79457e-04  3.79457e-04
6.290035233e-01  3.7899090e-04  3.16627e-05  1.00000e+00  3.78991e-04  3.78991e-04
6.499703075e-01  3.7852360e-04  3.07242e-05  1.00000e+00  3.78524e-04  3.78524e-04
6.716359844e-01  3.7804220e-04  2.95871e-05  1.00000e+00  3.78042e-04  3.78042e-04
6.940238505e-01  3.7756020e-04  2.88616e-05  1.00000e+00  3.77560e-04  3.77560e-04
7.171579789e-01  3.7710649e-04  2.83269e-05  1.00000e+00  3.77106e-04  3.77106e-04
7.410632448e-01  3.7658350e-04  2.76480e-05  1.00000e+00  3.76583e-04  3.76584e-04
7.657653530e-01  3.7608910e-04  2.68932e-05  1.00000e+00  3.76089e-04  3.76089e-04
7.912908648e-01  3.7581847e-04  2.64060e-05  1.00000e+00  3.75818e-04  3.75819e-04
8.176672269e-01  3.7509299e-04  2.60700e-05  1.00000e+00  3.75093e-04  3.75093e-04
8.449228011e-01  3.7458630e-04  2.58246e-05  1.00000e+00  3.74586e-04  3.74586e-04
8.730868945e-01  3.7483576e-04  2.52875e-05  1.00000e+00  3.74836e-04  3.74839e-04
9.021897910e-01  3.7362502e-04  2.46792e-05  1.00000e+00  3.73625e-04  3.73625e-04
9.322627840e-01  3.7342924e-04  2.46278e-05  1.00000e+00  3.73429e-04  3.73431e-04
9.633382102e-01  3.7255594e-04  2.41801e-05  1.00000e+00  3.72556e-04  3.72556e-04
9.954494838e-01  3.7208781e-04  2.36829e-05  1.00000e+00  3.72088e-04  3.72088e-04
1.028631133e+00  3.7402159e-04  2.33906e-05  1.00000e+00  3.74022e-04  3.74051e-04
1.062918838e+00  3.7646114e-04  2.31702e-05  1.00000e+00  3.76461e-04  3.76540e-04
1.098349466e+00  3.7163176e-04  2.32949e-05  1.00000e+00  3.71632e-04  3.71649e-04
1.134961115e+00  3.7217195e-04  2.29935e-05  1.00000e+00  3.72172e-04  3.72214e-04
1.172793152e+00  3.6977773e-04  2.26897e-05  1.00000e+00  3.69778e-04  3.69782e-04
1.211886257e+00  3.8289330e-04  2.24186e-05  1.00000e+00  3.82893e-04  3.82988e-04
1.252282465e+00  3.7820742e-04  2.21017e-05  1.00000e+00  3.78207e-04  3.78430e-04
1.294025214e+00  3.7757660e-04  2.19650e-05  1.00000e+00  3.77577e-04  3.77903e-04
1.337159388e+00  3.8011639e-04  2.17035e-05  1.00000e+00  3.80116e-04  3.80474e-04
1.381731368e+00  3.7351897e-04  2.14899e-05  1.00000e+00  3.73519e-04  3.73867e-04
1.427789080e+00  3.8227512e-04  2.15100e-05  1.00000e+00  3.82275e-04  3.82452e-04
1.475382049e+00  3.8476118e-04  2.13359e-05  1.00000e+00  3.84761e-04  3.85031e-04
1.524561451e+00  3.8429126e-04  2.10845e-05  1.00000e+00  3.84291e-04  3.84650e-04
1.575380166e+00  3.8750297e-04  2.09931e-05  1.00000e+00  3.87503e-04  3.87690e-04
1.627892838e+00  3.8698049e-04  2.08443e-05  1.00000e+00  3.86980e-04  3.87223e-04
1.682155933e+00  3.8234979e-04  2.10545e-05  1.00000e+00  3.82350e-04  3.83025e-04
1.738227797e+00  3.7485711e-04  2.15300e-05  1.00000e+00  3.74857e-04  3.75835e-04
1.796168724e+00  3.8018543e-04  2.19133e-05  1.00000e+00  3.80185e-04  3.81377e-04
1.856041014e+00  3.7915280e-04  2.25324e-05  1.00000e+00  3.79153e-04  3.80762e-04
1.917909048e+00  3.8942087e-04  2.30679e-05  1.00000e+00  3.89421e-04  3.89747e-04
1.981839350e+00  3.9322301e-04  2.35093e-05  1.00000e+00  3.93223e-04  3.93269e-04
2.047900661e+00  3.9412472e-04  2.40006e-05  1.00000e+00  3.94125e-04  3.94165e-04
2.116164017e+00  3.9078834e-04  2.45553e-05  1.00000e+00  3.90788e-04  3.91013e-04
2.186702817e+00  3.8085021e-04  2.51917e-05  1.00000e+00  3.80850e-04  3.83435e-04
2.259592911e+00  3.7074222e-04  2.58678e-05  1.00000e+00  3.70742e-04  3.75560e-04
2.334912675e+00  3.6901267e-04  2.71135e-05  1.00000e+00  3.69013e-04  3.74187e-04
2.412743097e+00  3.6457663e-04  2.80262e-05  1.00000e+00  3.64577e-04  3.67402e-04
2.493167867e+00  3.8059731e-04  2.85900e-05  1.00000e+00  3.80597e-04  3.84132e-04
2.576273463e+00  3.8644050e-04  2.90877e-05  1.00000e+00  3.86441e-04  3.87924e-04
2.662149245e+00  3.9742160e-04  2.96900e-05  1.00000e+00  3.97422e-04  3.97731e-04
2.750887553e+00  3.9956406e-04  3.02197e-05  1.00000e+00  3.99564e-04  3.99631e-04
2.842583805e+00  3.9929565e-04  3.09365e-05  1.00000e+00  3.99296e-04  3.99392e-04
2.937336599e+00  3.8921283e-04  3.17559e-05  1.00000e+00  3.89213e-04  3.90568e-04
3.035247818e+00  3.8204998e-04  3.26380e-05  1.00000e+00  3.82050e-04  3.86664e-04
3.136422746e+00  3.7472069e-04  3.35582e-05  1.00000e+00  3.74721e-04  3.83481e-04
3.240970171e+00  3.7035751e-04  3.45033e-05  1.00000e+00  3.70358e-04  3.81671e-04
3.349002510e+00  3.6371029e-04  3.55646e-05  1.00000e+00  3.63710e-04  3.79218e-04
3.460635927e+00  3.5726585e-04  3.65397e-05  1.00000e+00  3.57266e-04  3.75468e-04
3.575990457e+00  3.6251656e-04  3.76007e-05  1.00000e+00  3.62517e-04  3.80311e-04
3.695190139e+00  3.5816409e-04  3.88925e-05  1.00000e+00  3.58164e-04  3.77281e-04
3.818363144e+00  3.7059135e-04  3.99335e-05  1.00000e+00  3.70591e-04  3.84572e-04
3.945641916e+00  3.6429960e-04  4.11315e-05  1.00000e+00  3.64300e-04  3.82193e-04
4.077163313e+00  3.8192917e-04  4.23755e-05  1.00000e+00  3.81929e-04  3.88351e-04
4.213068756e+00  3.9889664e-04  4.37137e-05  1.00000e+00  3.98897e-04  4.00094e-04
4.353504382e+00  4.0232220e-04  4.95881e-05  1.00000e+00  4.02322e-04  4.03673e-04
4.498621194e+00  3.9807210e-04  5.45170e-05  1.00000e+00  3.98072e-04  3.99962e-04
4.648575234e+00  3.9066321e-04  5.57861e-05  1.00000e+00  3.90663e-04  3.94157e-04
4.803527742e+00  3.8976123e-04  5.61621e-05  1.00000e+00  3.89761e-04  3.93602e-04
4.963645333e+00  3.7670806e-04  5.77607e-05  1.00000e+00  3.76708e-04  3.88942e-04
5.129100178e+00  3.7344671e-04  5.90750e-05  1.00000e+00  3.73447e-04  3.88319e-04
5.300070184e+00  3.7734823e-04  6.03136e-05  1.00000e+00  3.77348e-04  3.89499e-04
5.476739190e+00  3.6138846e-04  6.14439e-05  1.00000e+00  3.61388e-04  3.85526e-04
5.659297163e+00  3.4591579e-04  6.23599e-05  1.00000e+00  3.45916e-04  3.81873e-04
5.847940402e+00  3.3573750e-04  6.38126e-05  1.00000e+00  3.35737e-04  3.78936e-04
6.042871748e+00  3.3040821e-04  6.54927e-05  1.00000e+00  3.30408e-04  3.75546e-04
6.244300807e+00  3.2885737e-04  6.74934e-05  1.00000e+00  3.28857e-04  3.77064e-04
6.452444167e+00  3.2223516e-04  6.98593e-05  1.00000e+00  3.22235e-04  3.74747e-04
6.667525639e+00  3.2399847e-04  7.26005e-05  1.00000e+00  3.23998e-04  3.76673e-04
6.889776494e+00  3.4018035e-04  7.57213e-05  1.00000e+00  3.40180e-04  3.82314e-04
7.119435710e+00  3.5003548e-04  7.91867e-05  1.00000e+00  3.50035e-04  3.85537e-04
7.356750234e+00  3.4592864e-04  8.29839e-05  1.00000e+00  3.45929e-04  3.84926e-04
7.601975242e+00  3.3580210e-04  8.70982e-05  1.00000e+00  3.35802e-04  3.82642e-04
