# ------------------------------------------------------------------------
# Radiance spectrum
# NASA-GSFC Planetary Spectrum Generator (PSG) (Villanueva et al. 2018, 2022)
# Synthesized on Mon Mar 20 13:17:27 2023
# Doppler velocities [km/s] (vobs,vrot+vorb,vwidth,vrfl,vstr): -5.58000,-0.00000,0.04000,-20.46486,0.00000
# ------------------------------------------------------------------------
# Spectra synthesized with the Planetary and Universal Model of Atmospheric Scattering (PUMAS, Villanueva et al. 2018, 2022)
# Single scattering radiative transfer method
# ------------------------------------------------------------------------
# Spectral unit: Wavelength [um]
# Radiance unit: Contrast [radiance ratio w.r.t. parent star]
# Wave/freq Total Noise Stellar Kepler-444-b Transit
5.000000000e-01  4.4590450e-05  2.78716e-05  1.00000e+00  4.45904e-05  4.45905e-05
5.166666667e-01  4.3881850e-05  2.86985e-05  1.00000e+00  4.38818e-05  4.38819e-05
5.338888889e-01  4.3183750e-05  2.61399e-05  1.00000e+00  4.31837e-05  4.31838e-05
5.516851852e-01  4.2491350e-05  2.49039e-05  1.00000e+00  4.24913e-05  4.24914e-05
5.700746914e-01  4.1805250e-05  2.37899e-05  1.00000e+00  4.18052e-05  4.18053e-05
5.890771811e-01  4.1126450e-05  2.31231e-05  1.00000e+00  4.11264e-05  4.11265e-05
6.087130871e-01  4.0455350e-05  2.26026e-05  1.00000e+00  4.04553e-05  4.04554e-05
6.290035233e-01  3.9792450e-05  2.21882e-05  1.00000e+00  3.97924e-05  3.97924e-05
6.499703075e-01  3.9142650e-05  2.17855e-05  1.00000e+00  3.91426e-05  3.91427e-05
6.716359844e-01  3.8493150e-05  2.12181e-05  1.00000e+00  3.84931e-05  3.84931e-05
6.940238505e-01  3.7857150e-05  2.09245e-05  1.00000e+00  3.78571e-05  3.78571e-05
7.171579789e-01  3.7262747e-05  2.07532e-05  1.00000e+00  3.72627e-05  3.72628e-05
7.410632448e-01  3.6615250e-05  2.04610e-05  1.00000e+00  3.66152e-05  3.66152e-05
7.657653530e-01  3.6009350e-05  2.00962e-05  1.00000e+00  3.60093e-05  3.60093e-05
7.912908648e-01  3.5652470e-05  1.99169e-05  1.00000e+00  3.56525e-05  3.56526e-05
8.176672269e-01  3.4831349e-05  1.98406e-05  1.00000e+00  3.48313e-05  3.48314e-05
8.449228011e-01  3.4255049e-05  1.98259e-05  1.00000e+00  3.42550e-05  3.42550e-05
8.730868945e-01  3.4535425e-05  1.95685e-05  1.00000e+00  3.45354e-05  3.45361e-05
9.021897910e-01  3.3182736e-05  1.92574e-05  1.00000e+00  3.31827e-05  3.31828e-05
9.322627840e-01  3.2927527e-05  1.93589e-05  1.00000e+00  3.29275e-05  3.29280e-05
9.633382102e-01  3.2071123e-05  1.91494e-05  1.00000e+00  3.20711e-05  3.20711e-05
9.954494838e-01  3.1584898e-05  1.88869e-05  1.00000e+00  3.15849e-05  3.15850e-05
1.028631133e+00  3.3919266e-05  1.87824e-05  1.00000e+00  3.39193e-05  3.39243e-05
1.062918838e+00  3.6773282e-05  1.87236e-05  1.00000e+00  3.67733e-05  3.67869e-05
1.098349466e+00  3.1070782e-05  1.89437e-05  1.00000e+00  3.10708e-05  3.10746e-05
1.134961115e+00  3.1568181e-05  1.88110e-05  1.00000e+00  3.15682e-05  3.15773e-05
1.172793152e+00  2.9352628e-05  1.86697e-05  1.00000e+00  2.93526e-05  2.93538e-05
1.211886257e+00  4.8556827e-05  1.85465e-05  1.00000e+00  4.85568e-05  4.85751e-05
1.252282465e+00  3.9808663e-05  1.83802e-05  1.00000e+00  3.98087e-05  3.98446e-05
1.294025214e+00  3.8653780e-05  1.83627e-05  1.00000e+00  3.86538e-05  3.87017e-05
1.337159388e+00  4.2570355e-05  1.82279e-05  1.00000e+00  4.25704e-05  4.26215e-05
1.381731368e+00  3.3246405e-05  1.81322e-05  1.00000e+00  3.32464e-05  3.33044e-05
1.427789080e+00  4.9296964e-05  1.82325e-05  1.00000e+00  4.92970e-05  4.93277e-05
1.475382049e+00  5.3443298e-05  1.81585e-05  1.00000e+00  5.34433e-05  5.34837e-05
1.524561451e+00  5.1182178e-05  1.80218e-05  1.00000e+00  5.11822e-05  5.12365e-05
1.575380166e+00  6.0608861e-05  1.80146e-05  1.00000e+00  6.06089e-05  6.06369e-05
1.627892838e+00  5.9007383e-05  1.79542e-05  1.00000e+00  5.90074e-05  5.90441e-05
1.682155933e+00  4.8215597e-05  1.82019e-05  1.00000e+00  4.82156e-05  4.83073e-05
1.738227797e+00  3.7488403e-05  1.86796e-05  1.00000e+00  3.74884e-05  3.76248e-05
1.796168724e+00  4.4352291e-05  1.90771e-05  1.00000e+00  4.43523e-05  4.45064e-05
1.856041014e+00  4.3675731e-05  1.96815e-05  1.00000e+00  4.36757e-05  4.38638e-05
1.917909048e+00  6.9080005e-05  2.02134e-05  1.00000e+00  6.90800e-05  6.91228e-05
1.981839350e+00  7.9666051e-05  2.06630e-05  1.00000e+00  7.96661e-05  7.96754e-05
2.047900661e+00  8.4450556e-05  2.11569e-05  1.00000e+00  8.44506e-05  8.44591e-05
2.116164017e+00  7.3775274e-05  2.17078e-05  1.00000e+00  7.37753e-05  7.38026e-05
2.186702817e+00  4.8898860e-05  2.23320e-05  1.00000e+00  4.88989e-05  4.91705e-05
2.259592911e+00  3.4603401e-05  2.29997e-05  1.00000e+00  3.46034e-05  3.51131e-05
2.334912675e+00  3.3198865e-05  2.41685e-05  1.00000e+00  3.31989e-05  3.37568e-05
2.412743097e+00  2.7297915e-05  2.50443e-05  1.00000e+00  2.72979e-05  2.76267e-05
2.493167867e+00  5.0582000e-05  2.56065e-05  1.00000e+00  5.05820e-05  5.09732e-05
2.576273463e+00  6.1640933e-05  2.61174e-05  1.00000e+00  6.16409e-05  6.18106e-05
2.662149245e+00  9.8263685e-05  2.67128e-05  1.00000e+00  9.82637e-05  9.83163e-05
2.750887553e+00  1.0619657e-04  2.72493e-05  1.00000e+00  1.06197e-04  1.06228e-04
2.842583805e+00  1.0709518e-04  2.79562e-05  1.00000e+00  1.07095e-04  1.07133e-04
2.937336599e+00  7.2678725e-05  2.87571e-05  1.00000e+00  7.26787e-05  7.28269e-05
3.035247818e+00  5.6351318e-05  2.96172e-05  1.00000e+00  5.63513e-05  5.68176e-05
3.136422746e+00  4.7122947e-05  3.05135e-05  1.00000e+00  4.71229e-05  4.79732e-05
3.240970171e+00  4.3855810e-05  3.14357e-05  1.00000e+00  4.38558e-05  4.48855e-05
3.349002510e+00  3.8124606e-05  3.24649e-05  1.00000e+00  3.81246e-05  3.94695e-05
3.460635927e+00  3.3531974e-05  3.34189e-05  1.00000e+00  3.35320e-05  3.50671e-05
3.575990457e+00  3.9810315e-05  3.44537e-05  1.00000e+00  3.98103e-05  4.12794e-05
3.695190139e+00  3.5684070e-05  3.57075e-05  1.00000e+00  3.56841e-05  3.73398e-05
3.818363144e+00  4.8510609e-05  3.67270e-05  1.00000e+00  4.85106e-05  4.97478e-05
3.945641916e+00  4.3758904e-05  3.78987e-05  1.00000e+00  4.37589e-05  4.52799e-05
4.077163313e+00  6.0889410e-05  3.91200e-05  1.00000e+00  6.08894e-05  6.15189e-05
4.213068756e+00  1.0193610e-04  4.04576e-05  1.00000e+00  1.01936e-04  1.02175e-04
4.353504382e+00  1.1742489e-04  4.61324e-05  1.00000e+00  1.17425e-04  1.17721e-04
4.498621194e+00  1.0916003e-04  5.09815e-05  1.00000e+00  1.09160e-04  1.09536e-04
4.648575234e+00  8.6630199e-05  5.23330e-05  1.00000e+00  8.66302e-05  8.71154e-05
4.803527742e+00  8.0884370e-05  5.28244e-05  1.00000e+00  8.08844e-05  8.14179e-05
4.963645333e+00  6.2953914e-05  5.45240e-05  1.00000e+00  6.29539e-05  6.40584e-05
5.129100178e+00  5.9687352e-05  5.59618e-05  1.00000e+00  5.96874e-05  6.10475e-05
5.300070184e+00  6.3903409e-05  5.73408e-05  1.00000e+00  6.39034e-05  6.50354e-05
5.476739190e+00  5.2148357e-05  5.86273e-05  1.00000e+00  5.21484e-05  5.41070e-05
5.659297163e+00  4.2286192e-05  5.97419e-05  1.00000e+00  4.22862e-05  4.50905e-05
5.847940402e+00  3.6372043e-05  6.13159e-05  1.00000e+00  3.63720e-05  3.96137e-05
6.042871748e+00  3.1378678e-05  6.32508e-05  1.00000e+00  3.13787e-05  3.48445e-05
6.244300807e+00  3.3510657e-05  6.55134e-05  1.00000e+00  3.35107e-05  3.69948e-05
6.452444167e+00  2.9897739e-05  6.81835e-05  1.00000e+00  2.98977e-05  3.36148e-05
6.667525639e+00  3.1602488e-05  7.12760e-05  1.00000e+00  3.16025e-05  3.53732e-05
6.889776494e+00  4.2141419e-05  7.48243e-05  1.00000e+00  4.21414e-05  4.52964e-05
7.119435710e+00  4.8498508e-05  7.87874e-05  1.00000e+00  4.84985e-05  5.12838e-05
7.356750234e+00  4.6263877e-05  8.31646e-05  1.00000e+00  4.62639e-05  4.93200e-05
7.601975242e+00  4.0953277e-05  8.79410e-05  1.00000e+00  4.09533e-05  4.45061e-05
