# ------------------------------------------------------------------------
# Radiance spectrum
# NASA-GSFC Planetary Spectrum Generator (PSG) (Villanueva et al. 2018, 2022)
# Synthesized on Fri Jun  9 07:57:14 2023
# Doppler velocities [km/s] (vobs,vrot+vorb,vwidth,vrfl,vstr): 0.00000,-0.00000,0.54000,0.00000,0.00000
# ------------------------------------------------------------------------
# Spectra synthesized with the Planetary and Universal Model of Atmospheric Scattering (PUMAS, Villanueva et al. 2018, 2022)
# Single scattering radiative transfer method
# ------------------------------------------------------------------------
# Spectral unit: Wavelength [um]
# Radiance unit: Contrast [radiance ratio w.r.t. parent star]
# Wave/freq Total Noise Stellar GJ-1214-b Transit
5.000000000e-01  1.3201012e-02  3.36547e-04  1.00000e+00  1.32010e-02  1.32010e-02
5.166666667e-01  1.3196994e-02  3.12351e-04  1.00000e+00  1.31970e-02  1.31970e-02
5.338888889e-01  1.3194579e-02  2.14773e-04  1.00000e+00  1.31946e-02  1.31946e-02
5.516851852e-01  1.3191473e-02  2.23446e-04  1.00000e+00  1.31915e-02  1.31915e-02
5.700746914e-01  1.3190408e-02  2.07306e-04  1.00000e+00  1.31904e-02  1.31904e-02
5.890771811e-01  1.3193558e-02  2.19943e-04  1.00000e+00  1.31936e-02  1.31936e-02
6.087130871e-01  1.3183458e-02  1.65674e-04  1.00000e+00  1.31835e-02  1.31835e-02
6.290035233e-01  1.3182453e-02  1.82283e-04  1.00000e+00  1.31825e-02  1.31825e-02
6.499703075e-01  1.3184340e-02  1.39727e-04  1.00000e+00  1.31843e-02  1.31843e-02
6.716359844e-01  1.3175245e-02  1.61513e-04  1.00000e+00  1.31752e-02  1.31752e-02
6.940238505e-01  1.3183170e-02  1.15470e-04  1.00000e+00  1.31832e-02  1.31832e-02
7.171579789e-01  1.3196514e-02  1.38123e-04  1.00000e+00  1.31965e-02  1.31965e-02
7.410632448e-01  1.3178803e-02  8.11668e-05  1.00000e+00  1.31788e-02  1.31788e-02
7.657653530e-01  1.3176733e-02  8.66335e-05  1.00000e+00  1.31767e-02  1.31767e-02
7.912908648e-01  1.3175115e-02  8.01210e-05  1.00000e+00  1.31751e-02  1.31751e-02
8.176672269e-01  1.3189848e-02  6.94593e-05  1.00000e+00  1.31898e-02  1.31898e-02
8.449228011e-01  1.3171379e-02  7.17490e-05  1.00000e+00  1.31714e-02  1.31714e-02
8.730868945e-01  1.3159880e-02  6.38195e-05  1.00000e+00  1.31599e-02  1.31599e-02
9.021897910e-01  1.3191784e-02  6.45161e-05  1.00000e+00  1.31918e-02  1.31918e-02
9.322627840e-01  1.3222797e-02  5.88740e-05  1.00000e+00  1.32228e-02  1.32228e-02
9.633382102e-01  1.3211247e-02  5.70525e-05  1.00000e+00  1.32112e-02  1.32112e-02
9.954494838e-01  1.3172823e-02  5.59500e-05  1.00000e+00  1.31728e-02  1.31728e-02
1.028631133e+00  1.3153089e-02  5.33861e-05  1.00000e+00  1.31531e-02  1.31531e-02
1.062918838e+00  1.3161341e-02  5.15018e-05  1.00000e+00  1.31613e-02  1.31613e-02
1.098349466e+00  1.3202042e-02  5.15507e-05  1.00000e+00  1.32020e-02  1.32020e-02
1.134961115e+00  1.3219676e-02  5.20420e-05  1.00000e+00  1.32197e-02  1.32197e-02
1.172793152e+00  1.3200055e-02  5.12248e-05  1.00000e+00  1.32001e-02  1.32001e-02
1.211886257e+00  1.3176185e-02  4.96836e-05  1.00000e+00  1.31762e-02  1.31762e-02
1.252282465e+00  1.3164852e-02  4.83448e-05  1.00000e+00  1.31649e-02  1.31649e-02
1.294025214e+00  1.3185108e-02  4.74850e-05  1.00000e+00  1.31851e-02  1.31851e-02
1.337159388e+00  1.3239933e-02  5.29727e-05  1.00000e+00  1.32399e-02  1.32399e-02
1.381731368e+00  1.3261474e-02  5.70986e-05  1.00000e+00  1.32615e-02  1.32615e-02
1.427789080e+00  1.3252274e-02  5.94760e-05  1.00000e+00  1.32523e-02  1.32523e-02
1.475382049e+00  1.3226632e-02  5.88076e-05  1.00000e+00  1.32266e-02  1.32266e-02
1.524561451e+00  1.3189702e-02  5.66647e-05  1.00000e+00  1.31897e-02  1.31897e-02
1.575380166e+00  1.3161258e-02  5.41329e-05  1.00000e+00  1.31613e-02  1.31613e-02
1.627892838e+00  1.3155076e-02  5.13289e-05  1.00000e+00  1.31551e-02  1.31551e-02
1.682155933e+00  1.3169917e-02  4.93563e-05  1.00000e+00  1.31699e-02  1.31699e-02
1.738227797e+00  1.3194799e-02  5.39674e-05  1.00000e+00  1.31948e-02  1.31948e-02
1.796168724e+00  1.3234710e-02  5.96930e-05  1.00000e+00  1.32347e-02  1.32347e-02
1.856041014e+00  1.3253304e-02  6.23094e-05  1.00000e+00  1.32533e-02  1.32533e-02
1.917909048e+00  1.3245997e-02  6.11463e-05  1.00000e+00  1.32460e-02  1.32460e-02
1.981839350e+00  1.3220261e-02  6.16692e-05  1.00000e+00  1.32203e-02  1.32203e-02
2.047900661e+00  1.3195683e-02  6.18923e-05  1.00000e+00  1.31957e-02  1.31957e-02
2.116164017e+00  1.3167674e-02  5.99088e-05  1.00000e+00  1.31677e-02  1.31678e-02
2.186702817e+00  1.3169873e-02  5.71629e-05  1.00000e+00  1.31699e-02  1.31700e-02
2.259592911e+00  1.3179990e-02  5.50452e-05  1.00000e+00  1.31800e-02  1.31801e-02
2.334912675e+00  1.3194572e-02  5.73951e-05  1.00000e+00  1.31946e-02  1.31947e-02
2.412743097e+00  1.3210563e-02  6.33904e-05  1.00000e+00  1.32106e-02  1.32108e-02
2.493167867e+00  1.3245201e-02  7.08430e-05  1.00000e+00  1.32452e-02  1.32457e-02
2.576273463e+00  1.3269394e-02  7.34125e-05  1.00000e+00  1.32694e-02  1.32701e-02
2.662149245e+00  1.3281029e-02  7.24860e-05  1.00000e+00  1.32810e-02  1.32819e-02
2.750887553e+00  1.3286124e-02  7.59412e-05  1.00000e+00  1.32861e-02  1.32874e-02
2.842583805e+00  1.3263001e-02  7.79302e-05  1.00000e+00  1.32630e-02  1.32648e-02
2.937336599e+00  1.3244221e-02  7.89513e-05  1.00000e+00  1.32442e-02  1.32465e-02
3.035247818e+00  1.3229280e-02  7.95029e-05  1.00000e+00  1.32293e-02  1.32323e-02
3.136422746e+00  1.3214948e-02  7.90954e-05  1.00000e+00  1.32149e-02  1.32187e-02
3.240970171e+00  1.3214289e-02  7.81057e-05  1.00000e+00  1.32143e-02  1.32188e-02
3.349002510e+00  1.3213510e-02  7.69733e-05  1.00000e+00  1.32135e-02  1.32189e-02
3.460635927e+00  1.3196139e-02  7.61893e-05  1.00000e+00  1.31961e-02  1.32026e-02
3.575990457e+00  1.3177312e-02  7.57336e-05  1.00000e+00  1.31773e-02  1.31853e-02
3.695190139e+00  1.3170700e-02  7.52936e-05  1.00000e+00  1.31707e-02  1.31802e-02
3.818363144e+00  1.3167178e-02  7.47753e-05  1.00000e+00  1.31672e-02  1.31781e-02
3.945641916e+00  1.3163142e-02  7.59443e-05  1.00000e+00  1.31631e-02  1.31761e-02
4.077163313e+00  1.3165479e-02  7.98218e-05  1.00000e+00  1.31655e-02  1.31821e-02
4.213068756e+00  1.3277241e-02  8.31004e-05  1.00000e+00  1.32772e-02  1.32981e-02
4.353504382e+00  1.3285273e-02  8.64126e-05  1.00000e+00  1.32853e-02  1.33110e-02
4.498621194e+00  1.3202968e-02  9.00453e-05  1.00000e+00  1.32030e-02  1.32346e-02
4.648575234e+00  1.3175508e-02  9.30001e-05  1.00000e+00  1.31755e-02  1.32135e-02
4.803527742e+00  1.3173370e-02  9.64526e-05  1.00000e+00  1.31734e-02  1.32189e-02
4.963645333e+00  1.3180109e-02  1.00357e-04  1.00000e+00  1.31801e-02  1.32347e-02
5.129100178e+00  1.3219958e-02  1.04510e-04  1.00000e+00  1.32200e-02  1.32850e-02
5.300070184e+00  1.3203278e-02  1.08281e-04  1.00000e+00  1.32033e-02  1.32795e-02
5.476739190e+00  1.3181979e-02  1.12418e-04  1.00000e+00  1.31820e-02  1.32709e-02
5.659297163e+00  1.3160391e-02  1.15514e-04  1.00000e+00  1.31604e-02  1.32614e-02
5.847940402e+00  1.3151325e-02  1.18375e-04  1.00000e+00  1.31513e-02  1.32648e-02
6.042871748e+00  1.3134961e-02  1.20190e-04  1.00000e+00  1.31350e-02  1.32595e-02
6.244300807e+00  1.3114709e-02  1.22269e-04  1.00000e+00  1.31147e-02  1.32510e-02
6.452444167e+00  1.3105979e-02  1.30939e-04  1.00000e+00  1.31060e-02  1.32683e-02
6.667525639e+00  1.3071170e-02  1.42910e-04  1.00000e+00  1.30712e-02  1.32691e-02
6.889776494e+00  1.3043279e-02  1.47662e-04  1.00000e+00  1.30433e-02  1.32611e-02
7.119435710e+00  1.3018900e-02  1.52416e-04  1.00000e+00  1.30189e-02  1.32566e-02
7.356750234e+00  1.2996300e-02  1.57507e-04  1.00000e+00  1.29963e-02  1.32545e-02
7.601975242e+00  1.2963930e-02  1.64245e-04  1.00000e+00  1.29639e-02  1.32467e-02
