# ------------------------------------------------------------------------
# Radiance spectrum
# NASA-GSFC Planetary Spectrum Generator (PSG) (Villanueva et al. 2018, 2022)
# Synthesized on Mon Mar 20 14:53:56 2023
# Doppler velocities [km/s] (vobs,vrot+vorb,vwidth,vrfl,vstr): 31.95000,-0.00000,0.43000,-0.00000,0.00000
# Spectral unit: Wavelength [um]
# Radiance unit: Contrast [radiance ratio w.r.t. parent star]
# Wave/freq Total Noise Stellar Object Reflected Thermal Transit
5.000000000e-01  5.7057249e-04  6.00936e-05  1.00000e+00  5.70572e-04 -9.67283e-11 -8.34027e-12  5.70573e-04
5.166666667e-01  5.7057250e-04  6.08909e-05  1.00000e+00  5.70572e-04 -8.64866e-11 -1.65662e-11  5.70573e-04
5.338888889e-01  5.7057248e-04  5.45052e-05  1.00000e+00  5.70572e-04 -9.56954e-11 -2.61002e-11  5.70573e-04
5.516851852e-01  5.7057246e-04  5.10801e-05  1.00000e+00  5.70572e-04 -9.76405e-11 -4.37974e-11  5.70573e-04
5.700746914e-01  5.7057243e-04  4.80396e-05  1.00000e+00  5.70572e-04 -9.96306e-11 -7.22200e-11  5.70573e-04
5.890771811e-01  5.7057238e-04  4.59964e-05  1.00000e+00  5.70572e-04 -9.88209e-11 -1.20459e-10  5.70573e-04
6.087130871e-01  5.7057230e-04  4.43325e-05  1.00000e+00  5.70572e-04 -9.73610e-11 -1.98994e-10  5.70573e-04
6.290035233e-01  5.7057218e-04  4.29264e-05  1.00000e+00  5.70572e-04 -9.56284e-11 -3.24559e-10  5.70573e-04
6.499703075e-01  5.7057199e-04  4.15941e-05  1.00000e+00  5.70572e-04 -9.43358e-11 -5.19034e-10  5.70573e-04
6.716359844e-01  5.7057170e-04  3.99990e-05  1.00000e+00  5.70572e-04 -9.49774e-11 -8.01286e-10  5.70573e-04
6.940238505e-01  5.7057126e-04  3.89664e-05  1.00000e+00  5.70571e-04 -9.37212e-11 -1.24408e-09  5.70573e-04
7.171579789e-01  5.7057059e-04  3.81958e-05  1.00000e+00  5.70571e-04 -9.18321e-11 -1.91826e-09  5.70573e-04
7.410632448e-01  5.7056964e-04  3.72346e-05  1.00000e+00  5.70570e-04 -9.14096e-11 -2.87245e-09  5.70573e-04
7.657653530e-01  5.7056831e-04  3.61752e-05  1.00000e+00  5.70568e-04 -9.20321e-11 -4.19712e-09  5.70573e-04
7.912908648e-01  5.7056637e-04  3.54796e-05  1.00000e+00  5.70566e-04 -9.13665e-11 -6.14089e-09  5.70573e-04
8.176672269e-01  5.7056358e-04  3.49900e-05  1.00000e+00  5.70564e-04 -9.01175e-11 -8.93275e-09  5.70573e-04
8.449228011e-01  5.7055964e-04  3.46246e-05  1.00000e+00  5.70560e-04 -8.86650e-11 -1.28715e-08  5.70573e-04
8.730868945e-01  5.7055466e-04  3.38702e-05  1.00000e+00  5.70555e-04 -8.96047e-11 -1.78488e-08  5.70573e-04
9.021897910e-01  5.7054829e-04  3.30233e-05  1.00000e+00  5.70548e-04 -9.15030e-11 -2.42205e-08  5.70573e-04
9.322627840e-01  5.7053866e-04  3.29241e-05  1.00000e+00  5.70539e-04 -8.97499e-11 -3.38481e-08  5.70573e-04
9.633382102e-01  5.7052734e-04  3.22966e-05  1.00000e+00  5.70527e-04 -9.12267e-11 -4.51654e-08  5.70573e-04
9.954494838e-01  5.7051334e-04  3.16053e-05  1.00000e+00  5.70513e-04 -9.34920e-11 -5.91649e-08  5.70573e-04
1.028631133e+00  5.7049474e-04  3.11896e-05  1.00000e+00  5.70495e-04 -9.45514e-11 -7.77614e-08  5.70573e-04
1.062918838e+00  5.7047101e-04  3.08714e-05  1.00000e+00  5.70471e-04 -9.53642e-11 -1.01497e-07  5.70573e-04
1.098349466e+00  5.7043776e-04  3.10140e-05  1.00000e+00  5.70438e-04 -9.36847e-11 -1.34745e-07  5.70573e-04
1.134961115e+00  5.7040206e-04  3.05905e-05  1.00000e+00  5.70402e-04 -9.57194e-11 -1.70445e-07  5.70573e-04
1.172793152e+00  5.7035950e-04  3.01653e-05  1.00000e+00  5.70359e-04 -9.81237e-11 -2.13005e-07  5.70573e-04
1.211886257e+00  5.7030861e-04  2.97850e-05  1.00000e+00  5.70309e-04 -1.00601e-10 -2.63894e-07  5.70573e-04
1.252282465e+00  5.7025050e-04  2.93450e-05  1.00000e+00  5.70250e-04 -1.03860e-10 -3.21997e-07  5.70573e-04
1.294025214e+00  5.7017747e-04  2.91456e-05  1.00000e+00  5.70177e-04 -1.05792e-10 -3.95027e-07  5.70573e-04
1.337159388e+00  5.7009821e-04  2.87817e-05  1.00000e+00  5.70098e-04 -1.09255e-10 -4.74278e-07  5.70573e-04
1.381731368e+00  5.7000630e-04  2.84822e-05  1.00000e+00  5.70006e-04 -1.12620e-10 -5.66191e-07  5.70573e-04
1.427789080e+00  5.6988844e-04  2.84935e-05  1.00000e+00  5.69888e-04 -1.13870e-10 -6.84046e-07  5.70573e-04
1.475382049e+00  5.6976819e-04  2.82481e-05  1.00000e+00  5.69768e-04 -1.17464e-10 -8.04296e-07  5.70573e-04
1.524561451e+00  5.6964205e-04  2.79014e-05  1.00000e+00  5.69642e-04 -1.22311e-10 -9.30425e-07  5.70573e-04
1.575380166e+00  5.6948937e-04  2.77672e-05  1.00000e+00  5.69489e-04 -1.25717e-10 -1.08311e-06  5.70573e-04
1.627892838e+00  5.6932891e-04  2.75578e-05  1.00000e+00  5.69329e-04 -1.30166e-10 -1.24356e-06  5.70573e-04
1.682155933e+00  5.6910717e-04  2.78234e-05  1.00000e+00  5.69107e-04 -1.30498e-10 -1.46530e-06  5.70573e-04
1.738227797e+00  5.6881703e-04  2.84397e-05  1.00000e+00  5.68817e-04 -1.27896e-10 -1.75544e-06  5.70573e-04
1.796168724e+00  5.6850450e-04  2.89344e-05  1.00000e+00  5.68505e-04 -1.26720e-10 -2.06797e-06  5.70573e-04
1.856041014e+00  5.6810461e-04  2.97403e-05  1.00000e+00  5.68105e-04 -1.23233e-10 -2.46786e-06  5.70573e-04
1.917909048e+00  5.6767327e-04  3.04360e-05  1.00000e+00  5.67673e-04 -1.21065e-10 -2.89921e-06  5.70573e-04
1.981839350e+00  5.6721988e-04  3.10073e-05  1.00000e+00  5.67220e-04 -1.20179e-10 -3.35260e-06  5.70573e-04
2.047900661e+00  5.6670784e-04  3.16444e-05  1.00000e+00  5.66708e-04 -1.19058e-10 -3.86464e-06  5.70573e-04
2.116164017e+00  5.6612683e-04  3.23652e-05  1.00000e+00  5.66127e-04 -1.17598e-10 -4.44565e-06  5.70573e-04
2.186702817e+00  5.6546229e-04  3.31934e-05  1.00000e+00  5.65462e-04 -1.15678e-10 -5.11019e-06  5.70573e-04
2.259592911e+00  5.6472289e-04  3.40737e-05  1.00000e+00  5.64723e-04 -1.13728e-10 -5.84960e-06  5.70573e-04
2.334912675e+00  5.6363962e-04  3.57041e-05  1.00000e+00  5.63640e-04 -1.07500e-10 -6.93287e-06  5.70573e-04
2.412743097e+00  5.6262277e-04  3.68954e-05  1.00000e+00  5.62623e-04 -1.04565e-10 -7.94972e-06  5.70573e-04
2.493167867e+00  5.6173761e-04  3.76278e-05  1.00000e+00  5.61738e-04 -1.04498e-10 -8.83489e-06  5.70573e-04
2.576273463e+00  5.6085531e-04  3.82731e-05  1.00000e+00  5.60855e-04 -1.05088e-10 -9.71718e-06  5.70573e-04
2.662149245e+00  5.5986984e-04  3.90561e-05  1.00000e+00  5.59870e-04 -1.05116e-10 -1.07027e-05  5.70573e-04
2.750887553e+00  5.5890537e-04  3.97435e-05  1.00000e+00  5.58905e-04 -1.05828e-10 -1.16671e-05  5.70573e-04
2.842583805e+00  5.5776863e-04  4.06768e-05  1.00000e+00  5.57769e-04 -1.05445e-10 -1.28039e-05  5.70573e-04
2.937336599e+00  5.5650949e-04  4.17447e-05  1.00000e+00  5.56509e-04 -1.04604e-10 -1.40630e-05  5.70573e-04
3.035247818e+00  5.5515497e-04  4.28948e-05  1.00000e+00  5.55155e-04 -1.03606e-10 -1.54175e-05  5.70573e-04
3.136422746e+00  5.5372652e-04  4.40950e-05  1.00000e+00  5.53727e-04 -1.02623e-10 -1.68460e-05  5.70573e-04
3.240970171e+00  5.5224041e-04  4.53277e-05  1.00000e+00  5.52240e-04 -1.01740e-10 -1.83321e-05  5.70573e-04
3.349002510e+00  5.5060187e-04  4.67128e-05  1.00000e+00  5.50602e-04 -1.00449e-10 -1.99706e-05  5.70573e-04
3.460635927e+00  5.4903443e-04  4.79845e-05  1.00000e+00  5.49034e-04 -9.98818e-11 -2.15381e-05  5.70573e-04
3.575990457e+00  5.4735560e-04  4.93690e-05  1.00000e+00  5.47356e-04 -9.90875e-11 -2.32169e-05  5.70573e-04
3.695190139e+00  5.4538131e-04  5.10561e-05  1.00000e+00  5.45381e-04 -9.73923e-11 -2.51912e-05  5.70573e-04
3.818363144e+00  5.4371641e-04  5.24142e-05  1.00000e+00  5.43716e-04 -9.71733e-11 -2.68561e-05  5.70573e-04
3.945641916e+00  5.4185888e-04  5.39775e-05  1.00000e+00  5.41859e-04 -9.64338e-11 -2.87136e-05  5.70573e-04
4.077163313e+00  5.3996615e-04  5.56015e-05  1.00000e+00  5.39966e-04 -9.57609e-11 -3.06064e-05  5.70573e-04
4.213068756e+00  5.3803103e-04  5.73481e-05  1.00000e+00  5.38031e-04 -9.51133e-11 -3.25415e-05  5.70573e-04
4.353504382e+00  5.2924440e-04  6.50404e-05  1.00000e+00  5.29244e-04 -7.89131e-11 -4.13281e-05  5.70573e-04
4.498621194e+00  5.2142024e-04  7.14894e-05  1.00000e+00  5.21420e-04 -6.97659e-11 -4.91523e-05  5.70573e-04
4.648575234e+00  5.1969595e-04  7.31404e-05  1.00000e+00  5.19696e-04 -7.07255e-11 -5.08766e-05  5.70573e-04
4.803527742e+00  5.1963520e-04  7.36213e-05  1.00000e+00  5.19635e-04 -7.39801e-11 -5.09373e-05  5.70573e-04
4.963645333e+00  5.1767449e-04  7.57027e-05  1.00000e+00  5.17674e-04 -7.44654e-11 -5.28980e-05  5.70573e-04
5.129100178e+00  5.1636504e-04  7.74114e-05  1.00000e+00  5.16365e-04 -7.58224e-11 -5.42075e-05  5.70573e-04
5.300070184e+00  5.1536321e-04  7.90205e-05  1.00000e+00  5.15363e-04 -7.75460e-11 -5.52093e-05  5.70573e-04
5.476739190e+00  5.1472505e-04  8.04864e-05  1.00000e+00  5.14725e-04 -7.97199e-11 -5.58475e-05  5.70573e-04
5.659297163e+00  5.1461268e-04  8.16716e-05  1.00000e+00  5.14613e-04 -8.26049e-11 -5.59598e-05  5.70573e-04
5.847940402e+00  5.1382955e-04  8.35580e-05  1.00000e+00  5.13830e-04 -8.44550e-11 -5.67430e-05  5.70573e-04
6.042871748e+00  5.1290278e-04  8.57409e-05  1.00000e+00  5.12903e-04 -8.60230e-11 -5.76697e-05  5.70573e-04
6.244300807e+00  5.1171941e-04  8.83417e-05  1.00000e+00  5.11719e-04 -8.71395e-11 -5.88531e-05  5.70573e-04
6.452444167e+00  5.1025381e-04  9.14177e-05  1.00000e+00  5.10254e-04 -8.77762e-11 -6.03187e-05  5.70573e-04
6.667525639e+00  5.0853861e-04  9.49823e-05  1.00000e+00  5.08539e-04 -8.80018e-11 -6.20339e-05  5.70573e-04
6.889776494e+00  5.0662093e-04  9.90407e-05  1.00000e+00  5.06621e-04 -8.79086e-11 -6.39516e-05  5.70573e-04
7.119435710e+00  5.0460580e-04  1.03546e-04  1.00000e+00  5.04606e-04 -8.76623e-11 -6.59667e-05  5.70573e-04
7.356750234e+00  5.0256451e-04  1.08480e-04  1.00000e+00  5.02565e-04 -8.73669e-11 -6.80080e-05  5.70573e-04
7.601975242e+00  5.0056783e-04  1.13825e-04  1.00000e+00  5.00568e-04 -8.71133e-11 -7.00047e-05  5.70573e-04
