# ------------------------------------------------------------------------
# Radiance spectrum
# NASA-GSFC Planetary Spectrum Generator (PSG) (Villanueva et al. 2018, 2022)
# Synthesized on Thu Jun  8 12:03:43 2023
# Doppler velocities [km/s] (vobs,vrot+vorb,vwidth,vrfl,vstr): -5.43000,-0.00000,0.08000,-11.28777,0.00000
# ------------------------------------------------------------------------
# Spectra synthesized with the Planetary and Universal Model of Atmospheric Scattering (PUMAS, Villanueva et al. 2018, 2022)
# Single scattering radiative transfer method
# ------------------------------------------------------------------------
# Spectral unit: Wavelength [um]
# Radiance unit: Contrast [radiance ratio w.r.t. parent star]
# Wave/freq Total Noise Stellar L-TT-1445-Ab Transit
5.000000000e-01  1.9687893e-03  4.26476e-05  1.00000e+00  1.96879e-03  1.96879e-03
5.166666667e-01  1.9681505e-03  4.03003e-05  1.00000e+00  1.96815e-03  1.96815e-03
5.338888889e-01  1.9677663e-03  2.85221e-05  1.00000e+00  1.96777e-03  1.96777e-03
5.516851852e-01  1.9671678e-03  3.00010e-05  1.00000e+00  1.96717e-03  1.96717e-03
5.700746914e-01  1.9678412e-03  2.82327e-05  1.00000e+00  1.96784e-03  1.96784e-03
5.890771811e-01  1.9674483e-03  3.02479e-05  1.00000e+00  1.96745e-03  1.96745e-03
6.087130871e-01  1.9657956e-03  2.31938e-05  1.00000e+00  1.96580e-03  1.96580e-03
6.290035233e-01  1.9668474e-03  2.57390e-05  1.00000e+00  1.96685e-03  1.96685e-03
6.499703075e-01  1.9655036e-03  2.00183e-05  1.00000e+00  1.96550e-03  1.96550e-03
6.716359844e-01  1.9642957e-03  2.33161e-05  1.00000e+00  1.96430e-03  1.96430e-03
6.940238505e-01  1.9655565e-03  1.68903e-05  1.00000e+00  1.96556e-03  1.96556e-03
7.171579789e-01  1.9671677e-03  2.03503e-05  1.00000e+00  1.96717e-03  1.96717e-03
7.410632448e-01  1.9644134e-03  1.21040e-05  1.00000e+00  1.96441e-03  1.96441e-03
7.657653530e-01  1.9669786e-03  1.30210e-05  1.00000e+00  1.96698e-03  1.96698e-03
7.912908648e-01  1.9639772e-03  1.21403e-05  1.00000e+00  1.96398e-03  1.96398e-03
8.176672269e-01  1.9662473e-03  1.06084e-05  1.00000e+00  1.96625e-03  1.96625e-03
8.449228011e-01  1.9631966e-03  1.10371e-05  1.00000e+00  1.96320e-03  1.96320e-03
8.730868945e-01  1.9619987e-03  9.89688e-06  1.00000e+00  1.96200e-03  1.96200e-03
9.021897910e-01  1.9670677e-03  1.00523e-05  1.00000e+00  1.96707e-03  1.96707e-03
9.322627840e-01  1.9719694e-03  9.24545e-06  1.00000e+00  1.97197e-03  1.97197e-03
9.633382102e-01  1.9694693e-03  9.01479e-06  1.00000e+00  1.96947e-03  1.96947e-03
9.954494838e-01  1.9630033e-03  8.89394e-06  1.00000e+00  1.96300e-03  1.96300e-03
1.028631133e+00  1.9636861e-03  8.53580e-06  1.00000e+00  1.96369e-03  1.96369e-03
1.062918838e+00  1.9656795e-03  8.28070e-06  1.00000e+00  1.96568e-03  1.96568e-03
1.098349466e+00  1.9684929e-03  8.33331e-06  1.00000e+00  1.96849e-03  1.96849e-03
1.134961115e+00  1.9725485e-03  8.45637e-06  1.00000e+00  1.97255e-03  1.97255e-03
1.172793152e+00  1.9677935e-03  8.36500e-06  1.00000e+00  1.96779e-03  1.96779e-03
1.211886257e+00  1.9651835e-03  8.15209e-06  1.00000e+00  1.96518e-03  1.96518e-03
1.252282465e+00  1.9671111e-03  7.96886e-06  1.00000e+00  1.96711e-03  1.96711e-03
1.294025214e+00  1.9668617e-03  7.86182e-06  1.00000e+00  1.96686e-03  1.96686e-03
1.337159388e+00  1.9753964e-03  8.80826e-06  1.00000e+00  1.97540e-03  1.97540e-03
1.381731368e+00  1.9798523e-03  9.53366e-06  1.00000e+00  1.97985e-03  1.97985e-03
1.427789080e+00  1.9773018e-03  9.96999e-06  1.00000e+00  1.97730e-03  1.97730e-03
1.475382049e+00  1.9727601e-03  9.89509e-06  1.00000e+00  1.97276e-03  1.97276e-03
1.524561451e+00  1.9649773e-03  9.56873e-06  1.00000e+00  1.96498e-03  1.96498e-03
1.575380166e+00  1.9619250e-03  9.17254e-06  1.00000e+00  1.96192e-03  1.96193e-03
1.627892838e+00  1.9610910e-03  8.72604e-06  1.00000e+00  1.96109e-03  1.96109e-03
1.682155933e+00  1.9623368e-03  8.41732e-06  1.00000e+00  1.96234e-03  1.96234e-03
1.738227797e+00  1.9664559e-03  9.23290e-06  1.00000e+00  1.96646e-03  1.96646e-03
1.796168724e+00  1.9753689e-03  1.02441e-05  1.00000e+00  1.97537e-03  1.97537e-03
1.856041014e+00  1.9792441e-03  1.07243e-05  1.00000e+00  1.97924e-03  1.97924e-03
1.917909048e+00  1.9779169e-03  1.05524e-05  1.00000e+00  1.97792e-03  1.97792e-03
1.981839350e+00  1.9711115e-03  1.06705e-05  1.00000e+00  1.97111e-03  1.97111e-03
2.047900661e+00  1.9680543e-03  1.07359e-05  1.00000e+00  1.96805e-03  1.96806e-03
2.116164017e+00  1.9624358e-03  1.04161e-05  1.00000e+00  1.96244e-03  1.96244e-03
2.186702817e+00  1.9622896e-03  9.96067e-06  1.00000e+00  1.96229e-03  1.96230e-03
2.259592911e+00  1.9620026e-03  9.61171e-06  1.00000e+00  1.96200e-03  1.96202e-03
2.334912675e+00  1.9659406e-03  1.00493e-05  1.00000e+00  1.96594e-03  1.96595e-03
2.412743097e+00  1.9703256e-03  1.11222e-05  1.00000e+00  1.97033e-03  1.97033e-03
2.493167867e+00  1.9774246e-03  1.24540e-05  1.00000e+00  1.97742e-03  1.97744e-03
2.576273463e+00  1.9837301e-03  1.29315e-05  1.00000e+00  1.98373e-03  1.98375e-03
2.662149245e+00  1.9847156e-03  1.27908e-05  1.00000e+00  1.98472e-03  1.98474e-03
2.750887553e+00  1.9841949e-03  1.34259e-05  1.00000e+00  1.98419e-03  1.98423e-03
2.842583805e+00  1.9808092e-03  1.38016e-05  1.00000e+00  1.98081e-03  1.98087e-03
2.937336599e+00  1.9768992e-03  1.40053e-05  1.00000e+00  1.97690e-03  1.97698e-03
3.035247818e+00  1.9745531e-03  1.41251e-05  1.00000e+00  1.97455e-03  1.97466e-03
3.136422746e+00  1.9713947e-03  1.40729e-05  1.00000e+00  1.97139e-03  1.97153e-03
3.240970171e+00  1.9720267e-03  1.39156e-05  1.00000e+00  1.97203e-03  1.97220e-03
3.349002510e+00  1.9707007e-03  1.37315e-05  1.00000e+00  1.97070e-03  1.97092e-03
3.460635927e+00  1.9663693e-03  1.36085e-05  1.00000e+00  1.96637e-03  1.96671e-03
3.575990457e+00  1.9643533e-03  1.35434e-05  1.00000e+00  1.96435e-03  1.96486e-03
3.695190139e+00  1.9639978e-03  1.34803e-05  1.00000e+00  1.96400e-03  1.96467e-03
3.818363144e+00  1.9631779e-03  1.34023e-05  1.00000e+00  1.96318e-03  1.96398e-03
3.945641916e+00  1.9609627e-03  1.36275e-05  1.00000e+00  1.96096e-03  1.96223e-03
4.077163313e+00  1.9613669e-03  1.43420e-05  1.00000e+00  1.96137e-03  1.96262e-03
4.213068756e+00  1.9865691e-03  1.49524e-05  1.00000e+00  1.98657e-03  1.98766e-03
4.353504382e+00  1.9870506e-03  1.55700e-05  1.00000e+00  1.98705e-03  1.98843e-03
4.498621194e+00  1.9717483e-03  1.62470e-05  1.00000e+00  1.97175e-03  1.97350e-03
4.648575234e+00  1.9679634e-03  1.68030e-05  1.00000e+00  1.96796e-03  1.97013e-03
4.803527742e+00  1.9691624e-03  1.74514e-05  1.00000e+00  1.96916e-03  1.97183e-03
4.963645333e+00  1.9703023e-03  1.81846e-05  1.00000e+00  1.97030e-03  1.97359e-03
5.129100178e+00  1.9713787e-03  1.89658e-05  1.00000e+00  1.97138e-03  1.97540e-03
5.300070184e+00  1.9722657e-03  1.96783e-05  1.00000e+00  1.97227e-03  1.97709e-03
5.476739190e+00  1.9737995e-03  2.04598e-05  1.00000e+00  1.97380e-03  1.97957e-03
5.659297163e+00  1.9755006e-03  2.10506e-05  1.00000e+00  1.97550e-03  1.98222e-03
5.847940402e+00  1.9758416e-03  2.15979e-05  1.00000e+00  1.97584e-03  1.98357e-03
6.042871748e+00  1.9733152e-03  2.19506e-05  1.00000e+00  1.97332e-03  1.98199e-03
6.244300807e+00  1.9688947e-03  2.23469e-05  1.00000e+00  1.96889e-03  1.97859e-03
6.452444167e+00  1.9724235e-03  2.39734e-05  1.00000e+00  1.97242e-03  1.98421e-03
6.667525639e+00  1.9686130e-03  2.62107e-05  1.00000e+00  1.96861e-03  1.98327e-03
6.889776494e+00  1.9651656e-03  2.70989e-05  1.00000e+00  1.96517e-03  1.98162e-03
7.119435710e+00  1.9624625e-03  2.79806e-05  1.00000e+00  1.96246e-03  1.98075e-03
7.356750234e+00  1.9591078e-03  2.89166e-05  1.00000e+00  1.95911e-03  1.97933e-03
7.601975242e+00  1.9537926e-03  3.01477e-05  1.00000e+00  1.95379e-03  1.97632e-03
