# ------------------------------------------------------------------------
# Radiance spectrum
# NASA-GSFC Planetary Spectrum Generator (PSG) (Villanueva et al. 2018, 2022)
# Synthesized on Mon Mar 20 13:45:32 2023
# Doppler velocities [km/s] (vobs,vrot+vorb,vwidth,vrfl,vstr): 7.48000,1.00000,0.73000,-0.00000,-0.00002
# Spectral unit: Wavelength [um]
# Radiance unit: Contrast [radiance ratio w.r.t. parent star]
# Wave/freq Total Noise Stellar Object Reflected Thermal Transit
5.000000000e-01  7.8574019e-04  4.12181e-04  1.00000e+00  7.85740e-04 -2.92980e-10 -1.67135e-11  7.85741e-04
5.166666667e-01  7.8574019e-04  3.82926e-04  1.00000e+00  7.85740e-04 -2.78424e-10 -3.11978e-11  7.85741e-04
5.338888889e-01  7.8574003e-04  2.47507e-04  1.00000e+00  7.85740e-04 -4.31903e-10 -3.50213e-11  7.85741e-04
5.516851852e-01  7.8574009e-04  2.63294e-04  1.00000e+00  7.85740e-04 -3.35121e-10 -7.72013e-11  7.85741e-04
5.700746914e-01  7.8574004e-04  2.44113e-04  1.00000e+00  7.85740e-04 -3.20751e-10 -1.35592e-10  7.85741e-04
5.890771811e-01  7.8573996e-04  2.65655e-04  1.00000e+00  7.85740e-04 -2.44724e-10 -2.93774e-10  7.85741e-04
6.087130871e-01  7.8573982e-04  1.92259e-04  1.00000e+00  7.85740e-04 -3.47079e-10 -3.36892e-10  7.85741e-04
6.290035233e-01  7.8573950e-04  2.17709e-04  1.00000e+00  7.85740e-04 -2.51148e-10 -7.45395e-10  7.85741e-04
6.499703075e-01  7.8573931e-04  1.61601e-04  1.00000e+00  7.85739e-04 -3.55422e-10 -8.30523e-10  7.85741e-04
6.716359844e-01  7.8573833e-04  1.93168e-04  1.00000e+00  7.85738e-04 -2.37573e-10 -1.93051e-09  7.85741e-04
6.940238505e-01  7.8573832e-04  1.33003e-04  1.00000e+00  7.85738e-04 -3.92594e-10 -1.78936e-09  7.85741e-04
7.171579789e-01  7.8573598e-04  1.64485e-04  1.00000e+00  7.85736e-04 -2.48306e-10 -4.27381e-09  7.85741e-04
7.410632448e-01  7.8573731e-04  9.21864e-05  1.00000e+00  7.85737e-04 -6.14756e-10 -2.57302e-09  7.85740e-04
7.657653530e-01  7.8573524e-04  9.96163e-05  1.00000e+00  7.85735e-04 -4.87897e-10 -4.77005e-09  7.85741e-04
7.912908648e-01  7.8573338e-04  9.25769e-05  1.00000e+00  7.85733e-04 -5.11985e-10 -6.60444e-09  7.85741e-04
8.176672269e-01  7.8573204e-04  7.99823e-05  1.00000e+00  7.85732e-04 -6.19324e-10 -7.83658e-09  7.85741e-04
8.449228011e-01  7.8572704e-04  8.34195e-05  1.00000e+00  7.85727e-04 -5.32377e-10 -1.29314e-08  7.85741e-04
8.730868945e-01  7.8572425e-04  7.42643e-05  1.00000e+00  7.85724e-04 -6.17614e-10 -1.56315e-08  7.85741e-04
9.021897910e-01  7.8571607e-04  7.56082e-05  1.00000e+00  7.85716e-04 -5.60899e-10 -2.38709e-08  7.85740e-04
9.322627840e-01  7.8571054e-04  6.91428e-05  1.00000e+00  7.85711e-04 -6.26292e-10 -2.93319e-08  7.85741e-04
9.633382102e-01  7.8569994e-04  6.73304e-05  1.00000e+00  7.85700e-04 -6.24595e-10 -3.99350e-08  7.85741e-04
9.954494838e-01  7.8568506e-04  6.63712e-05  1.00000e+00  7.85685e-04 -6.11546e-10 -5.48237e-08  7.85741e-04
1.028631133e+00  7.8566961e-04  6.35750e-05  1.00000e+00  7.85670e-04 -6.35185e-10 -7.02559e-08  7.85740e-04
1.062918838e+00  7.8564915e-04  6.15881e-05  1.00000e+00  7.85649e-04 -6.48651e-10 -9.07041e-08  7.85741e-04
1.098349466e+00  7.8561563e-04  6.19796e-05  1.00000e+00  7.85616e-04 -6.18570e-10 -1.24250e-07  7.85741e-04
1.134961115e+00  7.8556911e-04  6.29159e-05  1.00000e+00  7.85569e-04 -5.82551e-10 -1.70810e-07  7.85741e-04
1.172793152e+00  7.8551944e-04  6.21965e-05  1.00000e+00  7.85519e-04 -5.79262e-10 -2.20476e-07  7.85741e-04
1.211886257e+00  7.8546693e-04  6.05427e-05  1.00000e+00  7.85467e-04 -5.95441e-10 -2.72977e-07  7.85741e-04
1.252282465e+00  7.8540382e-04  5.91224e-05  1.00000e+00  7.85404e-04 -6.10548e-10 -3.36065e-07  7.85741e-04
1.294025214e+00  7.8532329e-04  5.82899e-05  1.00000e+00  7.85323e-04 -6.16817e-10 -4.16597e-07  7.85741e-04
1.337159388e+00  7.8508295e-04  6.55749e-05  1.00000e+00  7.85083e-04 -4.86018e-10 -6.57060e-07  7.85741e-04
1.381731368e+00  7.8478277e-04  7.12147e-05  1.00000e+00  7.84783e-04 -4.11469e-10 -9.57319e-07  7.85741e-04
1.427789080e+00  7.8445042e-04  7.46279e-05  1.00000e+00  7.84450e-04 -3.74015e-10 -1.28970e-06  7.85741e-04
1.475382049e+00  7.8418835e-04  7.40257e-05  1.00000e+00  7.84188e-04 -3.77987e-10 -1.55177e-06  7.85741e-04
1.524561451e+00  7.8398329e-04  7.14529e-05  1.00000e+00  7.83983e-04 -4.03216e-10 -1.75680e-06  7.85741e-04
1.575380166e+00  7.8380339e-04  6.83492e-05  1.00000e+00  7.83803e-04 -4.38813e-10 -1.93667e-06  7.85741e-04
1.627892838e+00  7.8365597e-04  6.48738e-05  1.00000e+00  7.83656e-04 -4.86079e-10 -2.08404e-06  7.85741e-04
1.682155933e+00  7.8345508e-04  6.24809e-05  1.00000e+00  7.83455e-04 -5.25180e-10 -2.28490e-06  7.85741e-04
1.738227797e+00  7.8253731e-04  6.87903e-05  1.00000e+00  7.82537e-04 -4.41144e-10 -3.20275e-06  7.85741e-04
1.796168724e+00  7.8118754e-04  7.67104e-05  1.00000e+00  7.81188e-04 -3.63260e-10 -4.55260e-06  7.85741e-04
1.856041014e+00  7.8001599e-04  8.05051e-05  1.00000e+00  7.80016e-04 -3.36246e-10 -5.72418e-06  7.85741e-04
1.917909048e+00  7.7941734e-04  7.91308e-05  1.00000e+00  7.79417e-04 -3.52331e-10 -6.32280e-06  7.85741e-04
1.981839350e+00  7.7842102e-04  8.00822e-05  1.00000e+00  7.78421e-04 -3.50396e-10 -7.31913e-06  7.85741e-04
2.047900661e+00  7.7741853e-04  8.05742e-05  1.00000e+00  7.77419e-04 -3.52947e-10 -8.32161e-06  7.85741e-04
2.116164017e+00  7.7698724e-04  7.80342e-05  1.00000e+00  7.76987e-04 -3.82362e-10 -8.75287e-06  7.85741e-04
2.186702817e+00  7.7685037e-04  7.44466e-05  1.00000e+00  7.76850e-04 -4.26897e-10 -8.88970e-06  7.85741e-04
2.259592911e+00  7.7661181e-04  7.17004e-05  1.00000e+00  7.76612e-04 -4.69196e-10 -9.12822e-06  7.85741e-04
2.334912675e+00  7.7484368e-04  7.50708e-05  1.00000e+00  7.74844e-04 -4.41569e-10 -1.08964e-05  7.85741e-04
2.412743097e+00  7.7125664e-04  8.35784e-05  1.00000e+00  7.71257e-04 -3.71553e-10 -1.44835e-05  7.85741e-04
2.493167867e+00  7.6616566e-04  9.43463e-05  1.00000e+00  7.66166e-04 -3.06163e-10 -1.95745e-05  7.85741e-04
2.576273463e+00  7.6306865e-04  9.82456e-05  1.00000e+00  7.63069e-04 -2.93163e-10 -2.26716e-05  7.85741e-04
2.662149245e+00  7.6198643e-04  9.70837e-05  1.00000e+00  7.61986e-04 -3.09075e-10 -2.37538e-05  7.85741e-04
2.750887553e+00  7.5793859e-04  1.02306e-04  1.00000e+00  7.57939e-04 -2.90568e-10 -2.78016e-05  7.85741e-04
2.842583805e+00  7.5465727e-04  1.05417e-04  1.00000e+00  7.54657e-04 -2.84898e-10 -3.10829e-05  7.85741e-04
2.937336599e+00  7.5201770e-04  1.07108e-04  1.00000e+00  7.52018e-04 -2.86825e-10 -3.37225e-05  7.85741e-04
3.035247818e+00  7.4975610e-04  1.08101e-04  1.00000e+00  7.49756e-04 -2.92574e-10 -3.59841e-05  7.85741e-04
3.136422746e+00  7.4841107e-04  1.07657e-04  1.00000e+00  7.48411e-04 -3.05948e-10 -3.73291e-05  7.85741e-04
3.240970171e+00  7.4774319e-04  1.06337e-04  1.00000e+00  7.47743e-04 -3.25002e-10 -3.79970e-05  7.85741e-04
3.349002510e+00  7.4737924e-04  1.04798e-04  1.00000e+00  7.47379e-04 -3.47000e-10 -3.83609e-05  7.85741e-04
3.460635927e+00  7.4684050e-04  1.03770e-04  1.00000e+00  7.46840e-04 -3.67745e-10 -3.88996e-05  7.85741e-04
3.575990457e+00  7.4612235e-04  1.03224e-04  1.00000e+00  7.46122e-04 -3.86917e-10 -3.96178e-05  7.85741e-04
3.695190139e+00  7.4552957e-04  1.02696e-04  1.00000e+00  7.45530e-04 -4.07355e-10 -4.02105e-05  7.85741e-04
3.818363144e+00  7.4516218e-04  1.02046e-04  1.00000e+00  7.45162e-04 -4.30192e-10 -4.05779e-05  7.85741e-04
3.945641916e+00  7.4310456e-04  1.03907e-04  1.00000e+00  7.43105e-04 -4.35209e-10 -4.26355e-05  7.85741e-04
4.077163313e+00  7.3801674e-04  1.09932e-04  1.00000e+00  7.38017e-04 -4.12269e-10 -4.77233e-05  7.85741e-04
4.213068756e+00  7.3355922e-04  1.15485e-04  1.00000e+00  7.33559e-04 -3.98847e-10 -5.21809e-05  7.85741e-04
4.353504382e+00  7.2902810e-04  1.21264e-04  1.00000e+00  7.29028e-04 -3.87307e-10 -5.67120e-05  7.85741e-04
4.498621194e+00  7.2408195e-04  1.27755e-04  1.00000e+00  7.24082e-04 -3.75145e-10 -6.16582e-05  7.85741e-04
4.648575234e+00  7.2007119e-04  1.33365e-04  1.00000e+00  7.20071e-04 -3.70146e-10 -6.56689e-05  7.85741e-04
4.803527742e+00  7.1547969e-04  1.40027e-04  1.00000e+00  7.15480e-04 -3.62816e-10 -7.02604e-05  7.85741e-04
4.963645333e+00  7.1036632e-04  1.47740e-04  1.00000e+00  7.10366e-04 -3.53996e-10 -7.53738e-05  7.85741e-04
5.129100178e+00  7.0501792e-04  1.56244e-04  1.00000e+00  7.05018e-04 -3.45334e-10 -8.07222e-05  7.85741e-04
5.300070184e+00  7.0050063e-04  1.64301e-04  1.00000e+00  7.00501e-04 -3.41060e-10 -8.52395e-05  7.85741e-04
5.476739190e+00  6.9559428e-04  1.73518e-04  1.00000e+00  6.95594e-04 -3.35755e-10 -9.01459e-05  7.85741e-04
5.659297163e+00  6.9254475e-04  1.81059e-04  1.00000e+00  6.92545e-04 -3.37566e-10 -9.31954e-05  7.85741e-04
5.847940402e+00  6.9021136e-04  1.88360e-04  1.00000e+00  6.90211e-04 -3.41760e-10 -9.55288e-05  7.85741e-04
6.042871748e+00  6.8974029e-04  1.93769e-04  1.00000e+00  6.89740e-04 -3.52400e-10 -9.59999e-05  7.85741e-04
6.244300807e+00  6.8920188e-04  1.99894e-04  1.00000e+00  6.89202e-04 -3.62603e-10 -9.65383e-05  7.85741e-04
6.452444167e+00  6.7978132e-04  2.20388e-04  1.00000e+00  6.79781e-04 -3.41365e-10 -1.05959e-04  7.85741e-04
6.667525639e+00  6.6628213e-04  2.49345e-04  1.00000e+00  6.66282e-04 -3.12458e-10 -1.19458e-04  7.85741e-04
6.889776494e+00  6.6378395e-04  2.62774e-04  1.00000e+00  6.63784e-04 -3.15431e-10 -1.21956e-04  7.85741e-04
7.119435710e+00  6.6190896e-04  2.76523e-04  1.00000e+00  6.61909e-04 -3.19783e-10 -1.23831e-04  7.85741e-04
7.356750234e+00  6.6022905e-04  2.91359e-04  1.00000e+00  6.60229e-04 -3.24396e-10 -1.25511e-04  7.85741e-04
7.601975242e+00  6.5716004e-04  3.10499e-04  1.00000e+00  6.57160e-04 -3.25217e-10 -1.28580e-04  7.85741e-04
