# ------------------------------------------------------------------------
# Radiance spectrum
# NASA-GSFC Planetary Spectrum Generator (PSG) (Villanueva et al. 2018, 2022)
# Synthesized on Thu Jun  8 12:16:56 2023
# Doppler velocities [km/s] (vobs,vrot+vorb,vwidth,vrfl,vstr): -5.43000,-0.00000,0.08000,-11.28777,0.00000
# ------------------------------------------------------------------------
# Spectra synthesized with the Planetary and Universal Model of Atmospheric Scattering (PUMAS, Villanueva et al. 2018, 2022)
# Single scattering radiative transfer method
# ------------------------------------------------------------------------
# Spectral unit: Wavelength [um]
# Radiance unit: Contrast [radiance ratio w.r.t. parent star]
# Wave/freq Total Noise Stellar L-TT-1445-Ab Transit
5.000000000e-01  1.9720538e-03  4.26476e-05  1.00000e+00  1.97205e-03  1.97205e-03
5.166666667e-01  1.9711978e-03  4.03002e-05  1.00000e+00  1.97120e-03  1.97120e-03
5.338888889e-01  1.9707180e-03  2.85220e-05  1.00000e+00  1.97072e-03  1.97072e-03
5.516851852e-01  1.9700678e-03  3.00009e-05  1.00000e+00  1.97007e-03  1.97007e-03
5.700746914e-01  1.9699118e-03  2.82326e-05  1.00000e+00  1.96991e-03  1.96991e-03
5.890771811e-01  1.9707101e-03  3.02479e-05  1.00000e+00  1.97071e-03  1.97071e-03
6.087130871e-01  1.9683952e-03  2.31938e-05  1.00000e+00  1.96840e-03  1.96840e-03
6.290035233e-01  1.9683180e-03  2.57390e-05  1.00000e+00  1.96832e-03  1.96832e-03
6.499703075e-01  1.9688554e-03  2.00183e-05  1.00000e+00  1.96886e-03  1.96886e-03
6.716359844e-01  1.9668233e-03  2.33161e-05  1.00000e+00  1.96682e-03  1.96682e-03
6.940238505e-01  1.9688892e-03  1.68902e-05  1.00000e+00  1.96889e-03  1.96889e-03
7.171579789e-01  1.9718916e-03  2.03502e-05  1.00000e+00  1.97189e-03  1.97189e-03
7.410632448e-01  1.9675420e-03  1.21039e-05  1.00000e+00  1.96754e-03  1.96754e-03
7.657653530e-01  1.9673088e-03  1.30210e-05  1.00000e+00  1.96731e-03  1.96731e-03
7.912908648e-01  1.9674129e-03  1.21402e-05  1.00000e+00  1.96741e-03  1.96741e-03
8.176672269e-01  1.9709411e-03  1.06084e-05  1.00000e+00  1.97094e-03  1.97094e-03
8.449228011e-01  1.9664384e-03  1.10371e-05  1.00000e+00  1.96644e-03  1.96644e-03
8.730868945e-01  1.9643605e-03  9.89687e-06  1.00000e+00  1.96436e-03  1.96436e-03
9.021897910e-01  1.9719051e-03  1.00523e-05  1.00000e+00  1.97191e-03  1.97191e-03
9.322627840e-01  1.9781383e-03  9.24542e-06  1.00000e+00  1.97814e-03  1.97814e-03
9.633382102e-01  1.9752608e-03  9.01477e-06  1.00000e+00  1.97526e-03  1.97526e-03
9.954494838e-01  1.9666731e-03  8.89392e-06  1.00000e+00  1.96667e-03  1.96667e-03
1.028631133e+00  1.9633159e-03  8.53581e-06  1.00000e+00  1.96332e-03  1.96332e-03
1.062918838e+00  1.9647222e-03  8.28070e-06  1.00000e+00  1.96472e-03  1.96472e-03
1.098349466e+00  1.9738476e-03  8.33329e-06  1.00000e+00  1.97385e-03  1.97385e-03
1.134961115e+00  1.9787051e-03  8.45634e-06  1.00000e+00  1.97871e-03  1.97871e-03
1.172793152e+00  1.9731982e-03  8.36498e-06  1.00000e+00  1.97320e-03  1.97320e-03
1.211886257e+00  1.9683372e-03  8.15208e-06  1.00000e+00  1.96834e-03  1.96834e-03
1.252282465e+00  1.9653054e-03  7.96887e-06  1.00000e+00  1.96531e-03  1.96531e-03
1.294025214e+00  1.9700290e-03  7.86180e-06  1.00000e+00  1.97003e-03  1.97003e-03
1.337159388e+00  1.9820730e-03  8.80823e-06  1.00000e+00  1.98207e-03  1.98207e-03
1.381731368e+00  1.9870028e-03  9.53363e-06  1.00000e+00  1.98700e-03  1.98700e-03
1.427789080e+00  1.9841599e-03  9.96996e-06  1.00000e+00  1.98416e-03  1.98416e-03
1.475382049e+00  1.9789092e-03  9.89506e-06  1.00000e+00  1.97891e-03  1.97891e-03
1.524561451e+00  1.9697613e-03  9.56871e-06  1.00000e+00  1.96976e-03  1.96976e-03
1.575380166e+00  1.9646446e-03  9.17253e-06  1.00000e+00  1.96464e-03  1.96464e-03
1.627892838e+00  1.9635300e-03  8.72602e-06  1.00000e+00  1.96353e-03  1.96353e-03
1.682155933e+00  1.9660874e-03  8.41730e-06  1.00000e+00  1.96609e-03  1.96609e-03
1.738227797e+00  1.9714975e-03  9.23288e-06  1.00000e+00  1.97150e-03  1.97150e-03
1.796168724e+00  1.9816168e-03  1.02441e-05  1.00000e+00  1.98162e-03  1.98162e-03
1.856041014e+00  1.9860688e-03  1.07243e-05  1.00000e+00  1.98607e-03  1.98607e-03
1.917909048e+00  1.9845486e-03  1.05524e-05  1.00000e+00  1.98455e-03  1.98455e-03
1.981839350e+00  1.9764462e-03  1.06705e-05  1.00000e+00  1.97645e-03  1.97645e-03
2.047900661e+00  1.9711613e-03  1.07359e-05  1.00000e+00  1.97116e-03  1.97116e-03
2.116164017e+00  1.9655084e-03  1.04161e-05  1.00000e+00  1.96551e-03  1.96551e-03
2.186702817e+00  1.9662220e-03  9.96065e-06  1.00000e+00  1.96622e-03  1.96623e-03
2.259592911e+00  1.9673714e-03  9.61168e-06  1.00000e+00  1.96737e-03  1.96738e-03
2.334912675e+00  1.9715052e-03  1.00492e-05  1.00000e+00  1.97151e-03  1.97151e-03
2.412743097e+00  1.9759469e-03  1.11222e-05  1.00000e+00  1.97595e-03  1.97595e-03
2.493167867e+00  1.9838995e-03  1.24539e-05  1.00000e+00  1.98390e-03  1.98391e-03
2.576273463e+00  1.9908754e-03  1.29314e-05  1.00000e+00  1.99088e-03  1.99089e-03
2.662149245e+00  1.9919912e-03  1.27907e-05  1.00000e+00  1.99199e-03  1.99202e-03
2.750887553e+00  1.9911289e-03  1.34258e-05  1.00000e+00  1.99113e-03  1.99117e-03
2.842583805e+00  1.9875880e-03  1.38015e-05  1.00000e+00  1.98759e-03  1.98764e-03
2.937336599e+00  1.9832975e-03  1.40053e-05  1.00000e+00  1.98330e-03  1.98338e-03
3.035247818e+00  1.9805607e-03  1.41250e-05  1.00000e+00  1.98056e-03  1.98067e-03
3.136422746e+00  1.9772579e-03  1.40728e-05  1.00000e+00  1.97726e-03  1.97740e-03
3.240970171e+00  1.9779050e-03  1.39155e-05  1.00000e+00  1.97790e-03  1.97808e-03
3.349002510e+00  1.9766017e-03  1.37314e-05  1.00000e+00  1.97660e-03  1.97682e-03
3.460635927e+00  1.9722332e-03  1.36084e-05  1.00000e+00  1.97223e-03  1.97251e-03
3.575990457e+00  1.9696528e-03  1.35433e-05  1.00000e+00  1.96965e-03  1.97001e-03
3.695190139e+00  1.9691003e-03  1.34803e-05  1.00000e+00  1.96910e-03  1.96954e-03
3.818363144e+00  1.9681463e-03  1.34023e-05  1.00000e+00  1.96815e-03  1.96866e-03
3.945641916e+00  1.9667357e-03  1.36275e-05  1.00000e+00  1.96674e-03  1.96737e-03
4.077163313e+00  1.9679690e-03  1.43420e-05  1.00000e+00  1.96797e-03  1.96881e-03
4.213068756e+00  1.9911923e-03  1.49524e-05  1.00000e+00  1.99119e-03  1.99227e-03
4.353504382e+00  1.9916046e-03  1.55700e-05  1.00000e+00  1.99160e-03  1.99298e-03
4.498621194e+00  1.9753968e-03  1.62470e-05  1.00000e+00  1.97540e-03  1.97714e-03
4.648575234e+00  1.9731238e-03  1.68029e-05  1.00000e+00  1.97312e-03  1.97528e-03
4.803527742e+00  1.9742432e-03  1.74514e-05  1.00000e+00  1.97424e-03  1.97691e-03
4.963645333e+00  1.9769657e-03  1.81845e-05  1.00000e+00  1.97697e-03  1.98025e-03
5.129100178e+00  1.9856683e-03  1.89656e-05  1.00000e+00  1.98567e-03  1.98969e-03
5.300070184e+00  1.9842187e-03  1.96782e-05  1.00000e+00  1.98422e-03  1.98905e-03
5.476739190e+00  1.9822803e-03  2.04597e-05  1.00000e+00  1.98228e-03  1.98806e-03
5.659297163e+00  1.9822306e-03  2.10505e-05  1.00000e+00  1.98223e-03  1.98895e-03
5.847940402e+00  1.9827105e-03  2.15978e-05  1.00000e+00  1.98271e-03  1.99044e-03
6.042871748e+00  1.9801480e-03  2.19505e-05  1.00000e+00  1.98015e-03  1.98882e-03
6.244300807e+00  1.9758986e-03  2.23469e-05  1.00000e+00  1.97590e-03  1.98559e-03
6.452444167e+00  1.9793632e-03  2.39733e-05  1.00000e+00  1.97936e-03  1.99115e-03
6.667525639e+00  1.9755590e-03  2.62106e-05  1.00000e+00  1.97556e-03  1.99022e-03
6.889776494e+00  1.9718692e-03  2.70989e-05  1.00000e+00  1.97187e-03  1.98832e-03
7.119435710e+00  1.9689491e-03  2.79806e-05  1.00000e+00  1.96895e-03  1.98724e-03
7.356750234e+00  1.9654021e-03  2.89165e-05  1.00000e+00  1.96540e-03  1.98563e-03
7.601975242e+00  1.9599719e-03  3.01476e-05  1.00000e+00  1.95997e-03  1.98250e-03
