# ------------------------------------------------------------------------
# Radiance spectrum
# NASA-GSFC Planetary Spectrum Generator (PSG) (Villanueva et al. 2018, 2022)
# Synthesized on Mon Mar 20 13:18:23 2023
# Doppler velocities [km/s] (vobs,vrot+vorb,vwidth,vrfl,vstr): -5.58000,-0.00000,0.04000,-20.46486,0.00000
# Spectral unit: Wavelength [um]
# Radiance unit: Contrast [radiance ratio w.r.t. parent star]
# Wave/freq Total Noise Stellar Object Reflected Thermal Transit
5.000000000e-01  2.3265750e-05  2.78719e-05  1.00000e+00  2.32657e-05 -4.30845e-13 -2.00375e-17  2.32657e-05
5.166666667e-01  2.3265750e-05  2.86988e-05  1.00000e+00  2.32657e-05 -3.85883e-13 -5.45310e-17  2.32657e-05
5.338888889e-01  2.3265750e-05  2.61402e-05  1.00000e+00  2.32657e-05 -4.26937e-13 -1.16717e-16  2.32657e-05
5.516851852e-01  2.3265750e-05  2.49041e-05  1.00000e+00  2.32657e-05 -4.35428e-13 -2.63534e-16  2.32657e-05
5.700746914e-01  2.3265750e-05  2.37901e-05  1.00000e+00  2.32657e-05 -4.44260e-13 -5.78915e-16  2.32657e-05
5.890771811e-01  2.3265750e-05  2.31233e-05  1.00000e+00  2.32657e-05 -4.40735e-13 -1.27473e-15  2.32657e-05
6.087130871e-01  2.3265750e-05  2.26028e-05  1.00000e+00  2.32657e-05 -4.33713e-13 -2.75296e-15  2.32657e-05
6.290035233e-01  2.3265750e-05  2.21884e-05  1.00000e+00  2.32657e-05 -4.25822e-13 -5.82115e-15  2.32657e-05
6.499703075e-01  2.3265750e-05  2.17856e-05  1.00000e+00  2.32657e-05 -4.21401e-13 -1.19671e-14  2.32657e-05
6.716359844e-01  2.3265750e-05  2.12183e-05  1.00000e+00  2.32657e-05 -4.23469e-13 -2.35556e-14  2.32657e-05
6.940238505e-01  2.3265750e-05  2.09246e-05  1.00000e+00  2.32657e-05 -4.17926e-13 -4.62616e-14  2.32658e-05
7.171579789e-01  2.3265750e-05  2.07533e-05  1.00000e+00  2.32657e-05 -4.09312e-13 -8.95382e-14  2.32657e-05
7.410632448e-01  2.3265749e-05  2.04612e-05  1.00000e+00  2.32657e-05 -4.07687e-13 -1.67051e-13  2.32657e-05
7.657653530e-01  2.3265749e-05  2.00963e-05  1.00000e+00  2.32657e-05 -4.10478e-13 -3.01935e-13  2.32657e-05
7.912908648e-01  2.3265749e-05  1.99170e-05  1.00000e+00  2.32657e-05 -4.07185e-13 -5.42663e-13  2.32657e-05
8.176672269e-01  2.3265749e-05  1.98407e-05  1.00000e+00  2.32657e-05 -4.01897e-13 -9.63138e-13  2.32657e-05
8.449228011e-01  2.3265748e-05  1.98260e-05  1.00000e+00  2.32657e-05 -3.95319e-13 -1.68258e-12  2.32657e-05
8.730868945e-01  2.3265747e-05  1.95686e-05  1.00000e+00  2.32657e-05 -3.99759e-13 -2.80867e-12  2.32657e-05
9.021897910e-01  2.3265745e-05  1.92575e-05  1.00000e+00  2.32657e-05 -4.07909e-13 -4.56641e-12  2.32657e-05
9.322627840e-01  2.3265742e-05  1.93590e-05  1.00000e+00  2.32657e-05 -4.00353e-13 -7.58983e-12  2.32657e-05
9.633382102e-01  2.3265738e-05  1.91494e-05  1.00000e+00  2.32657e-05 -4.06826e-13 -1.19874e-11  2.32657e-05
9.954494838e-01  2.3265731e-05  1.88870e-05  1.00000e+00  2.32657e-05 -4.16965e-13 -1.84770e-11  2.32657e-05
1.028631133e+00  2.3265721e-05  1.87825e-05  1.00000e+00  2.32657e-05 -4.21593e-13 -2.84307e-11  2.32657e-05
1.062918838e+00  2.3265706e-05  1.87237e-05  1.00000e+00  2.32657e-05 -4.25354e-13 -4.31953e-11  2.32657e-05
1.098349466e+00  2.3265683e-05  1.89438e-05  1.00000e+00  2.32657e-05 -4.17819e-13 -6.64448e-11  2.32657e-05
1.134961115e+00  2.3265653e-05  1.88111e-05  1.00000e+00  2.32657e-05 -4.26871e-13 -9.69088e-11  2.32657e-05
1.172793152e+00  2.3265611e-05  1.86697e-05  1.00000e+00  2.32656e-05 -4.37561e-13 -1.38984e-10  2.32657e-05
1.211886257e+00  2.3265553e-05  1.85468e-05  1.00000e+00  2.32656e-05 -4.48676e-13 -1.96667e-10  2.32657e-05
1.252282465e+00  2.3265477e-05  1.83803e-05  1.00000e+00  2.32655e-05 -4.63237e-13 -2.72903e-10  2.32657e-05
1.294025214e+00  2.3265370e-05  1.83628e-05  1.00000e+00  2.32654e-05 -4.71676e-13 -3.79295e-10  2.32657e-05
1.337159388e+00  2.3265236e-05  1.82281e-05  1.00000e+00  2.32652e-05 -4.87327e-13 -5.13373e-10  2.32657e-05
1.381731368e+00  2.3265061e-05  1.81323e-05  1.00000e+00  2.32651e-05 -5.02352e-13 -6.88434e-10  2.32657e-05
1.427789080e+00  2.3264819e-05  1.82327e-05  1.00000e+00  2.32648e-05 -5.07822e-13 -9.30924e-10  2.32657e-05
1.475382049e+00  2.3264530e-05  1.81587e-05  1.00000e+00  2.32645e-05 -5.24059e-13 -1.21980e-09  2.32657e-05
1.524561451e+00  2.3264181e-05  1.80221e-05  1.00000e+00  2.32642e-05 -5.45577e-13 -1.56818e-09  2.32657e-05
1.575380166e+00  2.3263729e-05  1.80149e-05  1.00000e+00  2.32637e-05 -5.60845e-13 -2.02085e-09  2.32657e-05
1.627892838e+00  2.3263190e-05  1.79546e-05  1.00000e+00  2.32632e-05 -5.80559e-13 -2.55974e-09  2.32657e-05
1.682155933e+00  2.3262433e-05  1.82021e-05  1.00000e+00  2.32624e-05 -5.81970e-13 -3.31664e-09  2.32657e-05
1.738227797e+00  2.3261394e-05  1.86797e-05  1.00000e+00  2.32614e-05 -5.70077e-13 -4.35539e-09  2.32657e-05
1.796168724e+00  2.3260143e-05  1.90773e-05  1.00000e+00  2.32601e-05 -5.65053e-13 -5.60689e-09  2.32657e-05
1.856041014e+00  2.3258459e-05  1.96817e-05  1.00000e+00  2.32585e-05 -5.49486e-13 -7.29026e-09  2.32657e-05
1.917909048e+00  2.3256445e-05  2.02139e-05  1.00000e+00  2.32564e-05 -5.39552e-13 -9.30453e-09  2.32657e-05
1.981839350e+00  2.3254093e-05  2.06636e-05  1.00000e+00  2.32541e-05 -5.36045e-13 -1.16567e-08  2.32657e-05
2.047900661e+00  2.3251231e-05  2.11576e-05  1.00000e+00  2.32512e-05 -5.30769e-13 -1.45181e-08  2.32657e-05
2.116164017e+00  2.3247752e-05  2.17084e-05  1.00000e+00  2.32478e-05 -5.24337e-13 -1.79971e-08  2.32657e-05
2.186702817e+00  2.3243514e-05  2.23323e-05  1.00000e+00  2.32435e-05 -5.15859e-13 -2.22358e-08  2.32657e-05
2.259592911e+00  2.3238442e-05  2.29999e-05  1.00000e+00  2.32384e-05 -5.06869e-13 -2.73074e-08  2.32657e-05
2.334912675e+00  2.3231145e-05  2.41686e-05  1.00000e+00  2.32311e-05 -4.79307e-13 -3.46047e-08  2.32657e-05
2.412743097e+00  2.3223411e-05  2.50443e-05  1.00000e+00  2.32234e-05 -4.66294e-13 -4.23390e-08  2.32657e-05
2.493167867e+00  2.3215659e-05  2.56069e-05  1.00000e+00  2.32157e-05 -4.66087e-13 -5.00907e-08  2.32657e-05
2.576273463e+00  2.3207193e-05  2.61179e-05  1.00000e+00  2.32072e-05 -4.68526e-13 -5.85569e-08  2.32657e-05
2.662149245e+00  2.3197397e-05  2.67138e-05  1.00000e+00  2.31974e-05 -4.68813e-13 -6.83523e-08  2.32657e-05
2.750887553e+00  2.3186908e-05  2.72504e-05  1.00000e+00  2.31869e-05 -4.71932e-13 -7.88418e-08  2.32657e-05
2.842583805e+00  2.3174386e-05  2.79573e-05  1.00000e+00  2.31744e-05 -4.70189e-13 -9.13632e-08  2.32657e-05
2.937336599e+00  2.3160004e-05  2.87578e-05  1.00000e+00  2.31600e-05 -4.66444e-13 -1.05746e-07  2.32657e-05
3.035247818e+00  2.3143810e-05  2.96177e-05  1.00000e+00  2.31438e-05 -4.61984e-13 -1.21939e-07  2.32657e-05
3.136422746e+00  2.3125870e-05  3.05139e-05  1.00000e+00  2.31259e-05 -4.57609e-13 -1.39879e-07  2.32657e-05
3.240970171e+00  2.3106214e-05  3.14360e-05  1.00000e+00  2.31062e-05 -4.53643e-13 -1.59535e-07  2.32657e-05
3.349002510e+00  2.3083945e-05  3.24651e-05  1.00000e+00  2.30839e-05 -4.47930e-13 -1.81804e-07  2.32657e-05
3.460635927e+00  2.3060954e-05  3.34190e-05  1.00000e+00  2.30610e-05 -4.45381e-13 -2.04796e-07  2.32657e-05
3.575990457e+00  2.3035559e-05  3.44540e-05  1.00000e+00  2.30356e-05 -4.41843e-13 -2.30191e-07  2.32657e-05
3.695190139e+00  2.3005707e-05  3.57077e-05  1.00000e+00  2.30057e-05 -4.34259e-13 -2.60043e-07  2.32657e-05
3.818363144e+00  2.2977602e-05  3.67275e-05  1.00000e+00  2.29776e-05 -4.33328e-13 -2.88148e-07  2.32657e-05
3.945641916e+00  2.2945964e-05  3.78991e-05  1.00000e+00  2.29460e-05 -4.29992e-13 -3.19786e-07  2.32657e-05
4.077163313e+00  2.2912469e-05  3.91207e-05  1.00000e+00  2.29125e-05 -4.27023e-13 -3.53281e-07  2.32657e-05
4.213068756e+00  2.2876973e-05  4.04591e-05  1.00000e+00  2.28770e-05 -4.24107e-13 -3.88776e-07  2.32657e-05
4.353504382e+00  2.2755386e-05  4.61344e-05  1.00000e+00  2.27554e-05 -3.50976e-13 -5.10364e-07  2.32657e-05
4.498621194e+00  2.2639155e-05  5.09835e-05  1.00000e+00  2.26392e-05 -3.11142e-13 -6.26594e-07  2.32657e-05
4.648575234e+00  2.2597059e-05  5.23345e-05  1.00000e+00  2.25971e-05 -3.14256e-13 -6.68691e-07  2.32657e-05
4.803527742e+00  2.2576331e-05  5.28257e-05  1.00000e+00  2.25763e-05 -3.30139e-13 -6.89419e-07  2.32658e-05
4.963645333e+00  2.2529340e-05  5.45250e-05  1.00000e+00  2.25293e-05 -3.32246e-13 -7.36410e-07  2.32657e-05
5.129100178e+00  2.2490424e-05  5.59627e-05  1.00000e+00  2.24904e-05 -3.39220e-13 -7.75325e-07  2.32657e-05
5.300070184e+00  2.2455329e-05  5.73418e-05  1.00000e+00  2.24553e-05 -3.45616e-13 -8.10421e-07  2.32657e-05
5.476739190e+00  2.2425280e-05  5.86281e-05  1.00000e+00  2.24253e-05 -3.55348e-13 -8.40470e-07  2.32657e-05
5.659297163e+00  2.2402497e-05  5.97424e-05  1.00000e+00  2.24025e-05 -3.68059e-13 -8.63253e-07  2.32657e-05
5.847940402e+00  2.2371847e-05  6.13163e-05  1.00000e+00  2.23718e-05 -3.77037e-13 -8.93902e-07  2.32657e-05
6.042871748e+00  2.2336125e-05  6.32511e-05  1.00000e+00  2.23361e-05 -3.83664e-13 -9.29625e-07  2.32657e-05
6.244300807e+00  2.2296629e-05  6.55137e-05  1.00000e+00  2.22966e-05 -3.88574e-13 -9.69121e-07  2.32657e-05
6.452444167e+00  2.2252094e-05  6.81837e-05  1.00000e+00  2.22521e-05 -3.91385e-13 -1.01366e-06  2.32657e-05
6.667525639e+00  2.2202969e-05  7.12763e-05  1.00000e+00  2.22030e-05 -3.92448e-13 -1.06278e-06  2.32657e-05
6.889776494e+00  2.2149433e-05  7.48248e-05  1.00000e+00  2.21494e-05 -3.92008e-13 -1.11632e-06  2.32657e-05
7.119435710e+00  2.2093497e-05  7.87881e-05  1.00000e+00  2.20935e-05 -3.90914e-13 -1.17225e-06  2.32657e-05
7.356750234e+00  2.2036283e-05  8.31652e-05  1.00000e+00  2.20363e-05 -3.89585e-13 -1.22947e-06  2.32657e-05
7.601975242e+00  2.1979220e-05  8.79415e-05  1.00000e+00  2.19792e-05 -3.88462e-13 -1.28653e-06  2.32657e-05
