# ------------------------------------------------------------------------
# Radiance spectrum
# NASA-GSFC Planetary Spectrum Generator (PSG) (Villanueva et al. 2018, 2022)
# Synthesized on Mon Mar 20 11:33:25 2023
# Doppler velocities [km/s] (vobs,vrot+vorb,vwidth,vrfl,vstr): -5.43000,-0.00000,0.08000,-6.46533,0.00000
# ------------------------------------------------------------------------
# Spectra synthesized with the Planetary and Universal Model of Atmospheric Scattering (PUMAS, Villanueva et al. 2018, 2022)
# Single scattering radiative transfer method
# ------------------------------------------------------------------------
# Spectral unit: Wavelength [um]
# Radiance unit: Contrast [radiance ratio w.r.t. parent star]
# Wave/freq Total Noise Stellar L-TT-1445-Ab Transit
5.000000000e-01  1.8225160e-03  9.98904e-05  1.00000e+00  1.82252e-03  1.82252e-03
5.166666667e-01  1.8224748e-03  9.43924e-05  1.00000e+00  1.82247e-03  1.82247e-03
5.338888889e-01  1.8224382e-03  6.68053e-05  1.00000e+00  1.82244e-03  1.82244e-03
5.516851852e-01  1.8224056e-03  7.02692e-05  1.00000e+00  1.82241e-03  1.82241e-03
5.700746914e-01  1.8223766e-03  6.61274e-05  1.00000e+00  1.82238e-03  1.82238e-03
5.890771811e-01  1.8223509e-03  7.08476e-05  1.00000e+00  1.82235e-03  1.82235e-03
6.087130871e-01  1.8223280e-03  5.43253e-05  1.00000e+00  1.82233e-03  1.82233e-03
6.290035233e-01  1.8223077e-03  6.02868e-05  1.00000e+00  1.82231e-03  1.82231e-03
6.499703075e-01  1.8222901e-03  4.68875e-05  1.00000e+00  1.82229e-03  1.82229e-03
6.716359844e-01  1.8222739e-03  5.46117e-05  1.00000e+00  1.82227e-03  1.82227e-03
6.940238505e-01  1.8222599e-03  3.95610e-05  1.00000e+00  1.82226e-03  1.82226e-03
7.171579789e-01  1.8222489e-03  4.76651e-05  1.00000e+00  1.82225e-03  1.82225e-03
7.410632448e-01  1.8222367e-03  2.83503e-05  1.00000e+00  1.82224e-03  1.82224e-03
7.657653530e-01  1.8222271e-03  3.04982e-05  1.00000e+00  1.82223e-03  1.82223e-03
7.912908648e-01  1.8222227e-03  2.84353e-05  1.00000e+00  1.82222e-03  1.82222e-03
8.176672269e-01  1.8222114e-03  2.48474e-05  1.00000e+00  1.82221e-03  1.82221e-03
8.449228011e-01  1.8222047e-03  2.58514e-05  1.00000e+00  1.82220e-03  1.82220e-03
8.730868945e-01  1.8222068e-03  2.31808e-05  1.00000e+00  1.82221e-03  1.82221e-03
9.021897910e-01  1.8221949e-03  2.35450e-05  1.00000e+00  1.82219e-03  1.82219e-03
9.322627840e-01  1.8221946e-03  2.16551e-05  1.00000e+00  1.82219e-03  1.82219e-03
9.633382102e-01  1.8221856e-03  2.11148e-05  1.00000e+00  1.82219e-03  1.82219e-03
9.954494838e-01  1.8221823e-03  2.08317e-05  1.00000e+00  1.82218e-03  1.82218e-03
1.028631133e+00  1.8222104e-03  1.99928e-05  1.00000e+00  1.82221e-03  1.82221e-03
1.062918838e+00  1.8222145e-03  1.93953e-05  1.00000e+00  1.82221e-03  1.82221e-03
1.098349466e+00  1.8221833e-03  1.95186e-05  1.00000e+00  1.82218e-03  1.82218e-03
1.134961115e+00  1.8221847e-03  1.98069e-05  1.00000e+00  1.82218e-03  1.82218e-03
1.172793152e+00  1.8221707e-03  1.95928e-05  1.00000e+00  1.82217e-03  1.82217e-03
1.211886257e+00  1.8225042e-03  1.90941e-05  1.00000e+00  1.82250e-03  1.82250e-03
1.252282465e+00  1.8222206e-03  1.86650e-05  1.00000e+00  1.82222e-03  1.82222e-03
1.294025214e+00  1.8222470e-03  1.84142e-05  1.00000e+00  1.82225e-03  1.82225e-03
1.337159388e+00  1.8222520e-03  2.06311e-05  1.00000e+00  1.82225e-03  1.82225e-03
1.381731368e+00  1.8221773e-03  2.23302e-05  1.00000e+00  1.82218e-03  1.82218e-03
1.427789080e+00  1.8231090e-03  2.33522e-05  1.00000e+00  1.82311e-03  1.82311e-03
1.475382049e+00  1.8223447e-03  2.31767e-05  1.00000e+00  1.82234e-03  1.82234e-03
1.524561451e+00  1.8224884e-03  2.24122e-05  1.00000e+00  1.82249e-03  1.82249e-03
1.575380166e+00  1.8227977e-03  2.14842e-05  1.00000e+00  1.82280e-03  1.82280e-03
1.627892838e+00  1.8226668e-03  2.04384e-05  1.00000e+00  1.82267e-03  1.82267e-03
1.682155933e+00  1.8222520e-03  1.97153e-05  1.00000e+00  1.82225e-03  1.82225e-03
1.738227797e+00  1.8221667e-03  2.16256e-05  1.00000e+00  1.82217e-03  1.82217e-03
1.796168724e+00  1.8221608e-03  2.39943e-05  1.00000e+00  1.82216e-03  1.82216e-03
1.856041014e+00  1.8224333e-03  2.51190e-05  1.00000e+00  1.82243e-03  1.82243e-03
1.917909048e+00  1.8225521e-03  2.47164e-05  1.00000e+00  1.82255e-03  1.82255e-03
1.981839350e+00  1.8245057e-03  2.49929e-05  1.00000e+00  1.82451e-03  1.82451e-03
2.047900661e+00  1.8245182e-03  2.51461e-05  1.00000e+00  1.82452e-03  1.82452e-03
2.116164017e+00  1.8226321e-03  2.43968e-05  1.00000e+00  1.82263e-03  1.82263e-03
2.186702817e+00  1.8222697e-03  2.33302e-05  1.00000e+00  1.82227e-03  1.82227e-03
2.259592911e+00  1.8221679e-03  2.25129e-05  1.00000e+00  1.82217e-03  1.82217e-03
2.334912675e+00  1.8221518e-03  2.35377e-05  1.00000e+00  1.82215e-03  1.82216e-03
2.412743097e+00  1.8221536e-03  2.60510e-05  1.00000e+00  1.82215e-03  1.82216e-03
2.493167867e+00  1.8222402e-03  2.91703e-05  1.00000e+00  1.82224e-03  1.82226e-03
2.576273463e+00  1.8222902e-03  3.02888e-05  1.00000e+00  1.82229e-03  1.82230e-03
2.662149245e+00  1.8256503e-03  2.99592e-05  1.00000e+00  1.82565e-03  1.82565e-03
2.750887553e+00  1.8266366e-03  3.14467e-05  1.00000e+00  1.82664e-03  1.82664e-03
2.842583805e+00  1.8244028e-03  3.23267e-05  1.00000e+00  1.82440e-03  1.82440e-03
2.937336599e+00  1.8224854e-03  3.28039e-05  1.00000e+00  1.82249e-03  1.82250e-03
3.035247818e+00  1.8222468e-03  3.30843e-05  1.00000e+00  1.82225e-03  1.82234e-03
3.136422746e+00  1.8222445e-03  3.29621e-05  1.00000e+00  1.82224e-03  1.82233e-03
3.240970171e+00  1.8219017e-03  3.25936e-05  1.00000e+00  1.82190e-03  1.82217e-03
3.349002510e+00  1.8220443e-03  3.21624e-05  1.00000e+00  1.82204e-03  1.82220e-03
3.460635927e+00  1.8215083e-03  3.18743e-05  1.00000e+00  1.82151e-03  1.82216e-03
3.575990457e+00  1.8219033e-03  3.17218e-05  1.00000e+00  1.82190e-03  1.82234e-03
3.695190139e+00  1.8215743e-03  3.15740e-05  1.00000e+00  1.82157e-03  1.82223e-03
3.818363144e+00  1.8225502e-03  3.13913e-05  1.00000e+00  1.82255e-03  1.82266e-03
3.945641916e+00  1.8220549e-03  3.19188e-05  1.00000e+00  1.82205e-03  1.82249e-03
4.077163313e+00  1.8222212e-03  3.35923e-05  1.00000e+00  1.82222e-03  1.82231e-03
4.213068756e+00  1.8279099e-03  3.50222e-05  1.00000e+00  1.82791e-03  1.82791e-03
4.353504382e+00  1.8272160e-03  3.64689e-05  1.00000e+00  1.82722e-03  1.82722e-03
4.498621194e+00  1.8231686e-03  3.80545e-05  1.00000e+00  1.82317e-03  1.82321e-03
4.648575234e+00  1.8224552e-03  3.93566e-05  1.00000e+00  1.82246e-03  1.82259e-03
4.803527742e+00  1.8245244e-03  4.08754e-05  1.00000e+00  1.82452e-03  1.82454e-03
4.963645333e+00  1.8221909e-03  4.25926e-05  1.00000e+00  1.82219e-03  1.82267e-03
5.129100178e+00  1.8228909e-03  4.44223e-05  1.00000e+00  1.82289e-03  1.82321e-03
5.300070184e+00  1.8222660e-03  4.60912e-05  1.00000e+00  1.82227e-03  1.82274e-03
5.476739190e+00  1.8161509e-03  4.79219e-05  1.00000e+00  1.81615e-03  1.82217e-03
5.659297163e+00  1.8113428e-03  4.93057e-05  1.00000e+00  1.81134e-03  1.82216e-03
5.847940402e+00  1.8108024e-03  5.05876e-05  1.00000e+00  1.81080e-03  1.82216e-03
6.042871748e+00  1.8114175e-03  5.14137e-05  1.00000e+00  1.81142e-03  1.82216e-03
6.244300807e+00  1.8075093e-03  5.23420e-05  1.00000e+00  1.80751e-03  1.82216e-03
6.452444167e+00  1.8061141e-03  5.61517e-05  1.00000e+00  1.80611e-03  1.82216e-03
6.667525639e+00  1.8118099e-03  6.13916e-05  1.00000e+00  1.81181e-03  1.82219e-03
6.889776494e+00  1.8172683e-03  6.34719e-05  1.00000e+00  1.81727e-03  1.82230e-03
7.119435710e+00  1.8213760e-03  6.55368e-05  1.00000e+00  1.82138e-03  1.82318e-03
7.356750234e+00  1.8212153e-03  6.77288e-05  1.00000e+00  1.82122e-03  1.82324e-03
7.601975242e+00  1.8185922e-03  7.06122e-05  1.00000e+00  1.81859e-03  1.82266e-03
