# ------------------------------------------------------------------------
# Radiance spectrum
# NASA-GSFC Planetary Spectrum Generator (PSG) (Villanueva et al. 2018, 2022)
# Synthesized on Mon Mar 20 11:34:46 2023
# Doppler velocities [km/s] (vobs,vrot+vorb,vwidth,vrfl,vstr): -5.43000,-0.00000,0.08000,-6.46533,0.00000
# Spectral unit: Wavelength [um]
# Radiance unit: Contrast [radiance ratio w.r.t. parent star]
# Wave/freq Total Noise Stellar Object Reflected Thermal Transit
5.000000000e-01  1.8124600e-03  9.98908e-05  1.00000e+00  1.81246e-03 -0.00000e+00 -1.73020e-28  1.81246e-03
5.166666667e-01  1.8124600e-03  9.43928e-05  1.00000e+00  1.81246e-03 -0.00000e+00 -1.17598e-27  1.81246e-03
5.338888889e-01  1.8124600e-03  6.68056e-05  1.00000e+00  1.81246e-03 -0.00000e+00 -4.61053e-27  1.81246e-03
5.516851852e-01  1.8124600e-03  7.02695e-05  1.00000e+00  1.81246e-03 -0.00000e+00 -3.40929e-26  1.81246e-03
5.700746914e-01  1.8124600e-03  6.61277e-05  1.00000e+00  1.81246e-03 -0.00000e+00 -1.93170e-25  1.81246e-03
5.890771811e-01  1.8124600e-03  7.08479e-05  1.00000e+00  1.81246e-03 -0.00000e+00 -1.30010e-24  1.81246e-03
6.087130871e-01  1.8124600e-03  5.43255e-05  1.00000e+00  1.81246e-03 -0.00000e+00 -4.46510e-24  1.81246e-03
6.290035233e-01  1.8124600e-03  6.02871e-05  1.00000e+00  1.81246e-03 -0.00000e+00 -2.85586e-23  1.81246e-03
6.499703075e-01  1.8124600e-03  4.68877e-05  1.00000e+00  1.81246e-03 -0.00000e+00 -8.88875e-23  1.81246e-03
6.716359844e-01  1.8124600e-03  5.46120e-05  1.00000e+00  1.81246e-03 -0.00000e+00 -5.58352e-22  1.81246e-03
6.940238505e-01  1.8124600e-03  3.95611e-05  1.00000e+00  1.81246e-03 -0.00000e+00 -1.35441e-21  1.81246e-03
7.171579789e-01  1.8124600e-03  4.76653e-05  1.00000e+00  1.81246e-03 -0.00000e+00 -8.20747e-21  1.81246e-03
7.410632448e-01  1.8124600e-03  2.83504e-05  1.00000e+00  1.81246e-03 -0.00000e+00 -1.21656e-20  1.81246e-03
7.657653530e-01  1.8124600e-03  3.04984e-05  1.00000e+00  1.81246e-03 -0.00000e+00 -5.40214e-20  1.81246e-03
7.912908648e-01  1.8124600e-03  2.84354e-05  1.00000e+00  1.81246e-03 -0.00000e+00 -1.73093e-19  1.81246e-03
8.176672269e-01  1.8124600e-03  2.48476e-05  1.00000e+00  1.81246e-03 -0.00000e+00 -4.66527e-19  1.81246e-03
8.449228011e-01  1.8124600e-03  2.58515e-05  1.00000e+00  1.81246e-03 -0.00000e+00 -1.69542e-18  1.81246e-03
8.730868945e-01  1.8124600e-03  2.31809e-05  1.00000e+00  1.81246e-03 -0.00000e+00 -4.40858e-18  1.81246e-03
9.021897910e-01  1.8124600e-03  2.35451e-05  1.00000e+00  1.81246e-03 -0.00000e+00 -1.40632e-17  1.81246e-03
9.322627840e-01  1.8124600e-03  2.16552e-05  1.00000e+00  1.81246e-03 -0.00000e+00 -3.54529e-17  1.81246e-03
9.633382102e-01  1.8124600e-03  2.11149e-05  1.00000e+00  1.81246e-03 -0.00000e+00 -9.65114e-17  1.81246e-03
9.954494838e-01  1.8124600e-03  2.08318e-05  1.00000e+00  1.81246e-03 -0.00000e+00 -2.59111e-16  1.81246e-03
1.028631133e+00  1.8124600e-03  1.99929e-05  1.00000e+00  1.81246e-03 -0.00000e+00 -6.35473e-16  1.81246e-03
1.062918838e+00  1.8124600e-03  1.93954e-05  1.00000e+00  1.81246e-03 -0.00000e+00 -1.53760e-15  1.81246e-03
1.098349466e+00  1.8124600e-03  1.95187e-05  1.00000e+00  1.81246e-03 -0.00000e+00 -3.86824e-15  1.81246e-03
1.134961115e+00  1.8124600e-03  1.98070e-05  1.00000e+00  1.81246e-03 -0.00000e+00 -9.57659e-15  1.81246e-03
1.172793152e+00  1.8124600e-03  1.95929e-05  1.00000e+00  1.81246e-03 -0.00000e+00 -2.18423e-14  1.81246e-03
1.211886257e+00  1.8124600e-03  1.90942e-05  1.00000e+00  1.81246e-03 -0.00000e+00 -4.69165e-14  1.81246e-03
1.252282465e+00  1.8124600e-03  1.86651e-05  1.00000e+00  1.81246e-03 -0.00000e+00 -9.84382e-14  1.81246e-03
1.294025214e+00  1.8124600e-03  1.84143e-05  1.00000e+00  1.81246e-03 -0.00000e+00 -2.04422e-13  1.81246e-03
1.337159388e+00  1.8124600e-03  2.06312e-05  1.00000e+00  1.81246e-03 -0.00000e+00 -5.31196e-13  1.81246e-03
1.381731368e+00  1.8124600e-03  2.23303e-05  1.00000e+00  1.81246e-03 -0.00000e+00 -1.25472e-12  1.81246e-03
1.427789080e+00  1.8124600e-03  2.33523e-05  1.00000e+00  1.81246e-03 -0.00000e+00 -2.69804e-12  1.81246e-03
1.475382049e+00  1.8124600e-03  2.31768e-05  1.00000e+00  1.81246e-03 -0.00000e+00 -5.10387e-12  1.81246e-03
1.524561451e+00  1.8124600e-03  2.24123e-05  1.00000e+00  1.81246e-03 -0.00000e+00 -8.95285e-12  1.81246e-03
1.575380166e+00  1.8124600e-03  2.14843e-05  1.00000e+00  1.81246e-03 -0.00000e+00 -1.50772e-11  1.81246e-03
1.627892838e+00  1.8124600e-03  2.04385e-05  1.00000e+00  1.81246e-03 -0.00000e+00 -2.44485e-11  1.81246e-03
1.682155933e+00  1.8124600e-03  1.97154e-05  1.00000e+00  1.81246e-03 -0.00000e+00 -3.98601e-11  1.81246e-03
1.738227797e+00  1.8124599e-03  2.16258e-05  1.00000e+00  1.81246e-03 -0.00000e+00 -8.20258e-11  1.81246e-03
1.796168724e+00  1.8124598e-03  2.39944e-05  1.00000e+00  1.81246e-03 -0.00000e+00 -1.69063e-10  1.81246e-03
1.856041014e+00  1.8124597e-03  2.51191e-05  1.00000e+00  1.81246e-03 -0.00000e+00 -3.04539e-10  1.81246e-03
1.917909048e+00  1.8124595e-03  2.47165e-05  1.00000e+00  1.81246e-03 -0.00000e+00 -4.76346e-10  1.81246e-03
1.981839350e+00  1.8124592e-03  2.49931e-05  1.00000e+00  1.81246e-03 -0.00000e+00 -7.71647e-10  1.81246e-03
2.047900661e+00  1.8124588e-03  2.51462e-05  1.00000e+00  1.81246e-03 -0.00000e+00 -1.21562e-09  1.81246e-03
2.116164017e+00  1.8124582e-03  2.43970e-05  1.00000e+00  1.81246e-03 -0.00000e+00 -1.75202e-09  1.81246e-03
2.186702817e+00  1.8124576e-03  2.33303e-05  1.00000e+00  1.81246e-03 -0.00000e+00 -2.41296e-09  1.81246e-03
2.259592911e+00  1.8124567e-03  2.25130e-05  1.00000e+00  1.81246e-03 -0.00000e+00 -3.32788e-09  1.81246e-03
2.334912675e+00  1.8124547e-03  2.35378e-05  1.00000e+00  1.81245e-03 -0.00000e+00 -5.29147e-09  1.81246e-03
2.412743097e+00  1.8124507e-03  2.60511e-05  1.00000e+00  1.81245e-03 -0.00000e+00 -9.26615e-09  1.81246e-03
2.493167867e+00  1.8124437e-03  2.91704e-05  1.00000e+00  1.81244e-03 -0.00000e+00 -1.63447e-08  1.81246e-03
2.576273463e+00  1.8124355e-03  3.02889e-05  1.00000e+00  1.81244e-03 -0.00000e+00 -2.45074e-08  1.81246e-03
2.662149245e+00  1.8124270e-03  2.99594e-05  1.00000e+00  1.81243e-03 -0.00000e+00 -3.29601e-08  1.81246e-03
2.750887553e+00  1.8124109e-03  3.14469e-05  1.00000e+00  1.81241e-03 -0.00000e+00 -4.91119e-08  1.81246e-03
2.842583805e+00  1.8123907e-03  3.23269e-05  1.00000e+00  1.81239e-03 -0.00000e+00 -6.93472e-08  1.81246e-03
2.937336599e+00  1.8123657e-03  3.28041e-05  1.00000e+00  1.81237e-03 -0.00000e+00 -9.42863e-08  1.81246e-03
3.035247818e+00  1.8123349e-03  3.30845e-05  1.00000e+00  1.81233e-03 -0.00000e+00 -1.25139e-07  1.81246e-03
3.136422746e+00  1.8122997e-03  3.29622e-05  1.00000e+00  1.81230e-03 -0.00000e+00 -1.60293e-07  1.81246e-03
3.240970171e+00  1.8122600e-03  3.25938e-05  1.00000e+00  1.81226e-03 -0.00000e+00 -2.00042e-07  1.81246e-03
3.349002510e+00  1.8122141e-03  3.21625e-05  1.00000e+00  1.81221e-03 -0.00000e+00 -2.45912e-07  1.81246e-03
3.460635927e+00  1.8121584e-03  3.18744e-05  1.00000e+00  1.81216e-03 -0.00000e+00 -3.01615e-07  1.81246e-03
3.575990457e+00  1.8120909e-03  3.17219e-05  1.00000e+00  1.81209e-03 -0.00000e+00 -3.69146e-07  1.81246e-03
3.695190139e+00  1.8120126e-03  3.15742e-05  1.00000e+00  1.81201e-03 -0.00000e+00 -4.47419e-07  1.81246e-03
3.818363144e+00  1.8119241e-03  3.13915e-05  1.00000e+00  1.81192e-03 -0.00000e+00 -5.35888e-07  1.81246e-03
3.945641916e+00  1.8117957e-03  3.19190e-05  1.00000e+00  1.81180e-03 -0.00000e+00 -6.64335e-07  1.81246e-03
4.077163313e+00  1.8115877e-03  3.35925e-05  1.00000e+00  1.81159e-03 -0.00000e+00 -8.72314e-07  1.81246e-03
4.213068756e+00  1.8113474e-03  3.50225e-05  1.00000e+00  1.81135e-03 -0.00000e+00 -1.11262e-06  1.81246e-03
4.353504382e+00  1.8110570e-03  3.64692e-05  1.00000e+00  1.81106e-03 -0.00000e+00 -1.40295e-06  1.81246e-03
4.498621194e+00  1.8106997e-03  3.80547e-05  1.00000e+00  1.81070e-03 -0.00000e+00 -1.76034e-06  1.81246e-03
4.648575234e+00  1.8103073e-03  3.93568e-05  1.00000e+00  1.81031e-03 -0.00000e+00 -2.15268e-06  1.81246e-03
4.803527742e+00  1.8098286e-03  4.08756e-05  1.00000e+00  1.80983e-03 -0.00000e+00 -2.63136e-06  1.81246e-03
4.963645333e+00  1.8092505e-03  4.25929e-05  1.00000e+00  1.80925e-03 -0.00000e+00 -3.20954e-06  1.81246e-03
5.129100178e+00  1.8085709e-03  4.44226e-05  1.00000e+00  1.80857e-03 -0.00000e+00 -3.88906e-06  1.81246e-03
5.300070184e+00  1.8078303e-03  4.60915e-05  1.00000e+00  1.80783e-03 -0.00000e+00 -4.62968e-06  1.81246e-03
5.476739190e+00  1.8069712e-03  4.79221e-05  1.00000e+00  1.80697e-03 -0.00000e+00 -5.48876e-06  1.81246e-03
5.659297163e+00  1.8061246e-03  4.93058e-05  1.00000e+00  1.80612e-03 -0.00000e+00 -6.33545e-06  1.81246e-03
5.847940402e+00  1.8052367e-03  5.05877e-05  1.00000e+00  1.80524e-03 -0.00000e+00 -7.22327e-06  1.81246e-03
6.042871748e+00  1.8044186e-03  5.14138e-05  1.00000e+00  1.80442e-03 -0.00000e+00 -8.04143e-06  1.81246e-03
6.244300807e+00  1.8035398e-03  5.23421e-05  1.00000e+00  1.80354e-03 -0.00000e+00 -8.92020e-06  1.81246e-03
6.452444167e+00  1.8016941e-03  5.61518e-05  1.00000e+00  1.80169e-03 -0.00000e+00 -1.07659e-05  1.81246e-03
6.667525639e+00  1.7991662e-03  6.13919e-05  1.00000e+00  1.79917e-03 -0.00000e+00 -1.32938e-05  1.81246e-03
6.889776494e+00  1.7976476e-03  6.34724e-05  1.00000e+00  1.79765e-03 -0.00000e+00 -1.48124e-05  1.81246e-03
7.119435710e+00  1.7961008e-03  6.55374e-05  1.00000e+00  1.79610e-03 -0.00000e+00 -1.63592e-05  1.81246e-03
7.356750234e+00  1.7944839e-03  6.77295e-05  1.00000e+00  1.79448e-03 -0.00000e+00 -1.79761e-05  1.81246e-03
7.601975242e+00  1.7925584e-03  7.06129e-05  1.00000e+00  1.79256e-03 -0.00000e+00 -1.99016e-05  1.81246e-03
