# ------------------------------------------------------------------------
# Radiance spectrum
# NASA-GSFC Planetary Spectrum Generator (PSG) (Villanueva et al. 2018, 2022)
# Synthesized on Thu Jun  8 08:12:13 2023
# Doppler velocities [km/s] (vobs,vrot+vorb,vwidth,vrfl,vstr): -5.43000,-0.00000,0.06000,-11.28777,0.00000
# ------------------------------------------------------------------------
# Spectra synthesized with the Planetary and Universal Model of Atmospheric Scattering (PUMAS, Villanueva et al. 2018, 2022)
# Single scattering radiative transfer method
# ------------------------------------------------------------------------
# Spectral unit: Wavelength [um]
# Radiance unit: Contrast [radiance ratio w.r.t. parent star]
# Wave/freq Total Noise Stellar L-TT-1445-Ab Transit
5.000000000e-01  1.0875513e-03  9.38600e-05  1.00000e+00  1.08755e-03  1.08755e-03
5.166666667e-01  1.0869684e-03  8.86945e-05  1.00000e+00  1.08697e-03  1.08697e-03
5.338888889e-01  1.0866227e-03  6.27745e-05  1.00000e+00  1.08662e-03  1.08662e-03
5.516851852e-01  1.0860751e-03  6.60292e-05  1.00000e+00  1.08608e-03  1.08608e-03
5.700746914e-01  1.0867261e-03  6.21376e-05  1.00000e+00  1.08673e-03  1.08673e-03
5.890771811e-01  1.0863496e-03  6.65726e-05  1.00000e+00  1.08635e-03  1.08635e-03
6.087130871e-01  1.0848358e-03  5.10481e-05  1.00000e+00  1.08484e-03  1.08484e-03
6.290035233e-01  1.0858278e-03  5.66497e-05  1.00000e+00  1.08583e-03  1.08583e-03
6.499703075e-01  1.0845802e-03  4.40594e-05  1.00000e+00  1.08458e-03  1.08458e-03
6.716359844e-01  1.0834930e-03  5.13173e-05  1.00000e+00  1.08349e-03  1.08349e-03
6.940238505e-01  1.0846476e-03  3.71749e-05  1.00000e+00  1.08465e-03  1.08465e-03
7.171579789e-01  1.0861143e-03  4.47900e-05  1.00000e+00  1.08611e-03  1.08611e-03
7.410632448e-01  1.0836177e-03  2.66406e-05  1.00000e+00  1.08362e-03  1.08362e-03
7.657653530e-01  1.0859688e-03  2.86590e-05  1.00000e+00  1.08597e-03  1.08597e-03
7.912908648e-01  1.0832333e-03  2.67205e-05  1.00000e+00  1.08323e-03  1.08323e-03
8.176672269e-01  1.0852948e-03  2.33490e-05  1.00000e+00  1.08529e-03  1.08529e-03
8.449228011e-01  1.0825224e-03  2.42925e-05  1.00000e+00  1.08252e-03  1.08252e-03
8.730868945e-01  1.0813939e-03  2.17830e-05  1.00000e+00  1.08139e-03  1.08139e-03
9.021897910e-01  1.0860541e-03  2.21251e-05  1.00000e+00  1.08605e-03  1.08605e-03
9.322627840e-01  1.0905169e-03  2.03492e-05  1.00000e+00  1.09052e-03  1.09052e-03
9.633382102e-01  1.0882368e-03  1.98415e-05  1.00000e+00  1.08824e-03  1.08824e-03
9.954494838e-01  1.0823384e-03  1.95755e-05  1.00000e+00  1.08234e-03  1.08234e-03
1.028631133e+00  1.0829823e-03  1.87873e-05  1.00000e+00  1.08298e-03  1.08298e-03
1.062918838e+00  1.0848086e-03  1.82258e-05  1.00000e+00  1.08481e-03  1.08481e-03
1.098349466e+00  1.0873570e-03  1.83416e-05  1.00000e+00  1.08736e-03  1.08736e-03
1.134961115e+00  1.0910544e-03  1.86124e-05  1.00000e+00  1.09105e-03  1.09105e-03
1.172793152e+00  1.0867196e-03  1.84113e-05  1.00000e+00  1.08672e-03  1.08672e-03
1.211886257e+00  1.0843477e-03  1.79427e-05  1.00000e+00  1.08435e-03  1.08435e-03
1.252282465e+00  1.0861195e-03  1.75395e-05  1.00000e+00  1.08612e-03  1.08612e-03
1.294025214e+00  1.0858804e-03  1.73038e-05  1.00000e+00  1.08588e-03  1.08588e-03
1.337159388e+00  1.0936504e-03  1.93869e-05  1.00000e+00  1.09365e-03  1.09365e-03
1.381731368e+00  1.0977068e-03  2.09835e-05  1.00000e+00  1.09771e-03  1.09771e-03
1.427789080e+00  1.0953815e-03  2.19439e-05  1.00000e+00  1.09538e-03  1.09538e-03
1.475382049e+00  1.0912493e-03  2.17790e-05  1.00000e+00  1.09125e-03  1.09125e-03
1.524561451e+00  1.0841666e-03  2.10607e-05  1.00000e+00  1.08417e-03  1.08417e-03
1.575380166e+00  1.0812370e-03  2.01887e-05  1.00000e+00  1.08124e-03  1.08124e-03
1.627892838e+00  1.0803388e-03  1.92060e-05  1.00000e+00  1.08034e-03  1.08034e-03
1.682155933e+00  1.0817541e-03  1.85265e-05  1.00000e+00  1.08175e-03  1.08175e-03
1.738227797e+00  1.0855219e-03  2.03216e-05  1.00000e+00  1.08552e-03  1.08552e-03
1.796168724e+00  1.0936340e-03  2.25472e-05  1.00000e+00  1.09363e-03  1.09363e-03
1.856041014e+00  1.0971611e-03  2.36041e-05  1.00000e+00  1.09716e-03  1.09716e-03
1.917909048e+00  1.0959525e-03  2.32258e-05  1.00000e+00  1.09595e-03  1.09595e-03
1.981839350e+00  1.0897482e-03  2.34857e-05  1.00000e+00  1.08975e-03  1.08975e-03
2.047900661e+00  1.0869628e-03  2.36297e-05  1.00000e+00  1.08696e-03  1.08696e-03
2.116164017e+00  1.0818096e-03  2.29257e-05  1.00000e+00  1.08181e-03  1.08181e-03
2.186702817e+00  1.0817272e-03  2.19234e-05  1.00000e+00  1.08173e-03  1.08173e-03
2.259592911e+00  1.0813749e-03  2.11553e-05  1.00000e+00  1.08137e-03  1.08138e-03
2.334912675e+00  1.0850575e-03  2.21183e-05  1.00000e+00  1.08506e-03  1.08506e-03
2.412743097e+00  1.0890446e-03  2.44799e-05  1.00000e+00  1.08904e-03  1.08905e-03
2.493167867e+00  1.0955107e-03  2.74110e-05  1.00000e+00  1.09551e-03  1.09552e-03
2.576273463e+00  1.1012587e-03  2.84619e-05  1.00000e+00  1.10126e-03  1.10127e-03
2.662149245e+00  1.1021586e-03  2.81523e-05  1.00000e+00  1.10216e-03  1.10217e-03
2.750887553e+00  1.1016871e-03  2.95501e-05  1.00000e+00  1.10169e-03  1.10171e-03
2.842583805e+00  1.0986053e-03  3.03770e-05  1.00000e+00  1.09861e-03  1.09864e-03
2.937336599e+00  1.0950540e-03  3.08254e-05  1.00000e+00  1.09505e-03  1.09510e-03
3.035247818e+00  1.0929314e-03  3.10890e-05  1.00000e+00  1.09293e-03  1.09299e-03
3.136422746e+00  1.0900674e-03  3.09741e-05  1.00000e+00  1.09007e-03  1.09014e-03
3.240970171e+00  1.0906582e-03  3.06279e-05  1.00000e+00  1.09066e-03  1.09075e-03
3.349002510e+00  1.0894636e-03  3.02227e-05  1.00000e+00  1.08946e-03  1.08958e-03
3.460635927e+00  1.0855667e-03  2.99520e-05  1.00000e+00  1.08557e-03  1.08574e-03
3.575990457e+00  1.0838150e-03  2.98087e-05  1.00000e+00  1.08381e-03  1.08407e-03
3.695190139e+00  1.0835591e-03  2.96699e-05  1.00000e+00  1.08356e-03  1.08390e-03
3.818363144e+00  1.0828795e-03  2.94982e-05  1.00000e+00  1.08288e-03  1.08330e-03
3.945641916e+00  1.0810665e-03  2.99939e-05  1.00000e+00  1.08107e-03  1.08173e-03
4.077163313e+00  1.0814295e-03  3.15664e-05  1.00000e+00  1.08143e-03  1.08206e-03
4.213068756e+00  1.1042499e-03  3.29098e-05  1.00000e+00  1.10425e-03  1.10485e-03
4.353504382e+00  1.1047654e-03  3.42691e-05  1.00000e+00  1.10477e-03  1.10552e-03
4.498621194e+00  1.0909525e-03  3.57591e-05  1.00000e+00  1.09095e-03  1.09191e-03
4.648575234e+00  1.0876751e-03  3.69826e-05  1.00000e+00  1.08768e-03  1.08886e-03
4.803527742e+00  1.0889511e-03  3.84097e-05  1.00000e+00  1.08895e-03  1.09042e-03
4.963645333e+00  1.0902166e-03  4.00232e-05  1.00000e+00  1.09022e-03  1.09202e-03
5.129100178e+00  1.0914602e-03  4.17423e-05  1.00000e+00  1.09146e-03  1.09367e-03
5.300070184e+00  1.0925601e-03  4.33104e-05  1.00000e+00  1.09256e-03  1.09521e-03
5.476739190e+00  1.0942977e-03  4.50303e-05  1.00000e+00  1.09430e-03  1.09747e-03
5.659297163e+00  1.0961911e-03  4.63302e-05  1.00000e+00  1.09619e-03  1.09988e-03
5.847940402e+00  1.0968666e-03  4.75345e-05  1.00000e+00  1.09687e-03  1.10111e-03
6.042871748e+00  1.0949060e-03  4.83106e-05  1.00000e+00  1.09491e-03  1.09967e-03
6.244300807e+00  1.0912490e-03  4.91827e-05  1.00000e+00  1.09125e-03  1.09657e-03
6.452444167e+00  1.0952220e-03  5.27618e-05  1.00000e+00  1.09522e-03  1.10169e-03
6.667525639e+00  1.0927909e-03  5.76850e-05  1.00000e+00  1.09279e-03  1.10084e-03
6.889776494e+00  1.0902961e-03  5.96394e-05  1.00000e+00  1.09030e-03  1.09933e-03
7.119435710e+00  1.0885005e-03  6.15793e-05  1.00000e+00  1.08850e-03  1.09854e-03
7.356750234e+00  1.0861454e-03  6.36385e-05  1.00000e+00  1.08615e-03  1.09725e-03
7.601975242e+00  1.0821391e-03  6.63472e-05  1.00000e+00  1.08214e-03  1.09451e-03
