# ------------------------------------------------------------------------
# Radiance spectrum
# NASA-GSFC Planetary Spectrum Generator (PSG) (Villanueva et al. 2018, 2022)
# Synthesized on Fri Jun  9 09:52:41 2023
# Doppler velocities [km/s] (vobs,vrot+vorb,vwidth,vrfl,vstr): 12.49000,-0.00000,1.18000,-0.39636,0.00000
# ------------------------------------------------------------------------
# Spectra synthesized with the Planetary and Universal Model of Atmospheric Scattering (PUMAS, Villanueva et al. 2018, 2022)
# Single scattering radiative transfer method
# ------------------------------------------------------------------------
# Spectral unit: Wavelength [um]
# Radiance unit: Contrast [radiance ratio w.r.t. parent star]
# Wave/freq Total Noise Stellar HAT-P-22-b Transit
5.000000000e-01  1.0101932e-02  4.57915e-05  1.00000e+00  1.01019e-02  1.01019e-02
5.166666667e-01  1.0101817e-02  4.73748e-05  1.00000e+00  1.01018e-02  1.01018e-02
5.338888889e-01  1.0101706e-02  4.33873e-05  1.00000e+00  1.01017e-02  1.01017e-02
5.516851852e-01  1.0101600e-02  4.15239e-05  1.00000e+00  1.01016e-02  1.01016e-02
5.700746914e-01  1.0101497e-02  3.98449e-05  1.00000e+00  1.01015e-02  1.01015e-02
5.890771811e-01  1.0101398e-02  3.88852e-05  1.00000e+00  1.01014e-02  1.01014e-02
6.087130871e-01  1.0101301e-02  3.81703e-05  1.00000e+00  1.01013e-02  1.01013e-02
6.290035233e-01  1.0101207e-02  3.76143e-05  1.00000e+00  1.01012e-02  1.01012e-02
6.499703075e-01  1.0101115e-02  3.70679e-05  1.00000e+00  1.01011e-02  1.01011e-02
6.716359844e-01  1.0101023e-02  3.62327e-05  1.00000e+00  1.01010e-02  1.01010e-02
6.940238505e-01  1.0100930e-02  3.58524e-05  1.00000e+00  1.01009e-02  1.01010e-02
7.171579789e-01  1.0100838e-02  3.56736e-05  1.00000e+00  1.01008e-02  1.01009e-02
7.410632448e-01  1.0100734e-02  3.52818e-05  1.00000e+00  1.01007e-02  1.01008e-02
7.657653530e-01  1.0100628e-02  3.47579e-05  1.00000e+00  1.01006e-02  1.01008e-02
7.912908648e-01  1.0100540e-02  3.45467e-05  1.00000e+00  1.01005e-02  1.01007e-02
8.176672269e-01  1.0100374e-02  3.45085e-05  1.00000e+00  1.01004e-02  1.01006e-02
8.449228011e-01  1.0100213e-02  3.45730e-05  1.00000e+00  1.01002e-02  1.01006e-02
8.730868945e-01  1.0100130e-02  3.42118e-05  1.00000e+00  1.01001e-02  1.01006e-02
9.021897910e-01  1.0099828e-02  3.37516e-05  1.00000e+00  1.00998e-02  1.01005e-02
9.322627840e-01  1.0099576e-02  3.40069e-05  1.00000e+00  1.00996e-02  1.01005e-02
9.633382102e-01  1.0099227e-02  3.37151e-05  1.00000e+00  1.00992e-02  1.01004e-02
9.954494838e-01  1.0098864e-02  3.33258e-05  1.00000e+00  1.00989e-02  1.01003e-02
1.028631133e+00  1.0098737e-02  3.32099e-05  1.00000e+00  1.00987e-02  1.01006e-02
1.062918838e+00  1.0098563e-02  3.31711e-05  1.00000e+00  1.00986e-02  1.01010e-02
1.098349466e+00  1.0097137e-02  3.36224e-05  1.00000e+00  1.00971e-02  1.01003e-02
1.134961115e+00  1.0096407e-02  3.34521e-05  1.00000e+00  1.00964e-02  1.01004e-02
1.172793152e+00  1.0095324e-02  3.32548e-05  1.00000e+00  1.00953e-02  1.01002e-02
1.211886257e+00  1.0098828e-02  3.30939e-05  1.00000e+00  1.00988e-02  1.01030e-02
1.252282465e+00  1.0094837e-02  3.28512e-05  1.00000e+00  1.00948e-02  1.01015e-02
1.294025214e+00  1.0092999e-02  3.28637e-05  1.00000e+00  1.00930e-02  1.01013e-02
1.337159388e+00  1.0092456e-02  3.26784e-05  1.00000e+00  1.00925e-02  1.01019e-02
1.381731368e+00  1.0088603e-02  3.25533e-05  1.00000e+00  1.00886e-02  1.01006e-02
1.427789080e+00  1.0094158e-02  3.27733e-05  1.00000e+00  1.00942e-02  1.01032e-02
1.475382049e+00  1.0093079e-02  3.26894e-05  1.00000e+00  1.00931e-02  1.01040e-02
1.524561451e+00  1.0089532e-02  3.24771e-05  1.00000e+00  1.00895e-02  1.01034e-02
1.575380166e+00  1.0095266e-02  3.25020e-05  1.00000e+00  1.00953e-02  1.01054e-02
1.627892838e+00  1.0092203e-02  3.24303e-05  1.00000e+00  1.00922e-02  1.01051e-02
1.682155933e+00  1.0080041e-02  3.29117e-05  1.00000e+00  1.00800e-02  1.01030e-02
1.738227797e+00  1.0069303e-02  3.38072e-05  1.00000e+00  1.00693e-02  1.01011e-02
1.796168724e+00  1.0068929e-02  3.45584e-05  1.00000e+00  1.00689e-02  1.01023e-02
1.856041014e+00  1.0060828e-02  3.56830e-05  1.00000e+00  1.00608e-02  1.01021e-02
1.917909048e+00  1.0078440e-02  3.66769e-05  1.00000e+00  1.00784e-02  1.01070e-02
1.981839350e+00  1.0078145e-02  3.75222e-05  1.00000e+00  1.00781e-02  1.01088e-02
2.047900661e+00  1.0073429e-02  3.84475e-05  1.00000e+00  1.00734e-02  1.01096e-02
2.116164017e+00  1.0065364e-02  3.94756e-05  1.00000e+00  1.00654e-02  1.01081e-02
2.186702817e+00  1.0022441e-02  4.06368e-05  1.00000e+00  1.00224e-02  1.01031e-02
2.259592911e+00  9.9970042e-03  4.18768e-05  1.00000e+00  9.99700e-03  1.01008e-02
2.334912675e+00  9.9792572e-03  4.40240e-05  1.00000e+00  9.97926e-03  1.01006e-02
2.412743097e+00  9.9614663e-03  4.56409e-05  1.00000e+00  9.96147e-03  1.01002e-02
2.493167867e+00  9.9800465e-03  4.66898e-05  1.00000e+00  9.98005e-03  1.01035e-02
2.576273463e+00  9.9990938e-03  4.76451e-05  1.00000e+00  9.99909e-03  1.01058e-02
2.662149245e+00  9.9940415e-03  4.87544e-05  1.00000e+00  9.99404e-03  1.01113e-02
2.750887553e+00  9.9825276e-03  4.97562e-05  1.00000e+00  9.98253e-03  1.01124e-02
2.842583805e+00  9.9677252e-03  5.10662e-05  1.00000e+00  9.96773e-03  1.01126e-02
2.937336599e+00  9.9456457e-03  5.25455e-05  1.00000e+00  9.94565e-03  1.01079e-02
3.035247818e+00  9.9062721e-03  5.41311e-05  1.00000e+00  9.90627e-03  1.01048e-02
3.136422746e+00  9.8427920e-03  5.57848e-05  1.00000e+00  9.84279e-03  1.01028e-02
3.240970171e+00  9.8120007e-03  5.74818e-05  1.00000e+00  9.81200e-03  1.01023e-02
3.349002510e+00  9.7753402e-03  5.93765e-05  1.00000e+00  9.77534e-03  1.01013e-02
3.460635927e+00  9.7520567e-03  6.11297e-05  1.00000e+00  9.75206e-03  1.01007e-02
3.575990457e+00  9.7253800e-03  6.30306e-05  1.00000e+00  9.72538e-03  1.01016e-02
3.695190139e+00  9.6967809e-03  6.53239e-05  1.00000e+00  9.69678e-03  1.01011e-02
3.818363144e+00  9.6779215e-03  6.71981e-05  1.00000e+00  9.67792e-03  1.01031e-02
3.945641916e+00  9.6562976e-03  6.93406e-05  1.00000e+00  9.65630e-03  1.01024e-02
4.077163313e+00  9.7058653e-03  7.15662e-05  1.00000e+00  9.70587e-03  1.01056e-02
4.213068756e+00  9.6839358e-03  7.39715e-05  1.00000e+00  9.68394e-03  1.01117e-02
4.353504382e+00  9.5650130e-03  8.41441e-05  1.00000e+00  9.56501e-03  1.01135e-02
4.498621194e+00  9.4545126e-03  9.27630e-05  1.00000e+00  9.45451e-03  1.01128e-02
4.648575234e+00  9.4226652e-03  9.51203e-05  1.00000e+00  9.42267e-03  1.01101e-02
4.803527742e+00  9.4149199e-03  9.59426e-05  1.00000e+00  9.41492e-03  1.01091e-02
4.963645333e+00  9.3773244e-03  9.88900e-05  1.00000e+00  9.37732e-03  1.01061e-02
5.129100178e+00  9.3512670e-03  1.01359e-04  1.00000e+00  9.35127e-03  1.01054e-02
5.300070184e+00  9.3350560e-03  1.03710e-04  1.00000e+00  9.33506e-03  1.01062e-02
5.476739190e+00  9.2862988e-03  1.05885e-04  1.00000e+00  9.28630e-03  1.01042e-02
5.659297163e+00  9.2104790e-03  1.07750e-04  1.00000e+00  9.21048e-03  1.01023e-02
5.847940402e+00  9.2180405e-03  1.10397e-04  1.00000e+00  9.21804e-03  1.01013e-02
6.042871748e+00  9.2258316e-03  1.13653e-04  1.00000e+00  9.22583e-03  1.01007e-02
6.244300807e+00  9.1979797e-03  1.17457e-04  1.00000e+00  9.19798e-03  1.01009e-02
6.452444167e+00  9.1915020e-03  1.21939e-04  1.00000e+00  9.19150e-03  1.01005e-02
6.667525639e+00  9.1645157e-03  1.27120e-04  1.00000e+00  9.16452e-03  1.01007e-02
6.889776494e+00  9.0739331e-03  1.33056e-04  1.00000e+00  9.07393e-03  1.01023e-02
7.119435710e+00  9.0339610e-03  1.39667e-04  1.00000e+00  9.03396e-03  1.01033e-02
7.356750234e+00  8.9918878e-03  1.46951e-04  1.00000e+00  8.99189e-03  1.01029e-02
7.601975242e+00  8.9558472e-03  1.54885e-04  1.00000e+00  8.95585e-03  1.01021e-02
