# ------------------------------------------------------------------------
# Radiance spectrum
# NASA-GSFC Planetary Spectrum Generator (PSG) (Villanueva et al. 2018, 2022)
# Synthesized on Mon Mar 20 10:23:49 2023
# Doppler velocities [km/s] (vobs,vrot+vorb,vwidth,vrfl,vstr): 47.93000,0.08000,0.15000,-0.00000,-0.00000
# ------------------------------------------------------------------------
# Spectra synthesized with the Planetary and Universal Model of Atmospheric Scattering (PUMAS, Villanueva et al. 2018, 2022)
# Single scattering radiative transfer method
# ------------------------------------------------------------------------
# Spectral unit: Wavelength [um]
# Radiance unit: Contrast [radiance ratio w.r.t. parent star]
# Wave/freq Total Noise Stellar GJ-367-b Transit
5.000000000e-01  2.0448777e-04  6.10179e-05  1.00000e+00  2.04488e-04  2.04489e-04
5.166666667e-01  2.0447851e-04  5.82885e-05  1.00000e+00  2.04479e-04  2.04480e-04
5.338888889e-01  2.0447108e-04  4.19529e-05  1.00000e+00  2.04471e-04  2.04473e-04
5.516851852e-01  2.0446293e-04  4.42591e-05  1.00000e+00  2.04463e-04  2.04466e-04
5.700746914e-01  2.0445542e-04  4.21740e-05  1.00000e+00  2.04455e-04  2.04460e-04
5.890771811e-01  2.0444614e-04  4.52758e-05  1.00000e+00  2.04446e-04  2.04455e-04
6.087130871e-01  2.0444171e-04  3.51190e-05  1.00000e+00  2.04442e-04  2.04451e-04
6.290035233e-01  2.0442957e-04  3.92943e-05  1.00000e+00  2.04430e-04  2.04447e-04
6.499703075e-01  2.0442674e-04  3.07762e-05  1.00000e+00  2.04427e-04  2.04443e-04
6.716359844e-01  2.0440703e-04  3.59259e-05  1.00000e+00  2.04407e-04  2.04440e-04
6.940238505e-01  2.0441041e-04  2.62944e-05  1.00000e+00  2.04410e-04  2.04437e-04
7.171579789e-01  2.0437891e-04  3.18513e-05  1.00000e+00  2.04379e-04  2.04435e-04
7.410632448e-01  2.0440281e-04  1.90926e-05  1.00000e+00  2.04403e-04  2.04433e-04
7.657653530e-01  2.0438220e-04  2.05590e-05  1.00000e+00  2.04382e-04  2.04431e-04
7.912908648e-01  2.0437034e-04  1.93370e-05  1.00000e+00  2.04370e-04  2.04430e-04
8.176672269e-01  2.0436438e-04  1.69465e-05  1.00000e+00  2.04364e-04  2.04428e-04
8.449228011e-01  2.0433295e-04  1.77141e-05  1.00000e+00  2.04333e-04  2.04426e-04
8.730868945e-01  2.0432668e-04  1.59445e-05  1.00000e+00  2.04327e-04  2.04428e-04
9.021897910e-01  2.0428497e-04  1.62892e-05  1.00000e+00  2.04285e-04  2.04424e-04
9.322627840e-01  2.0426964e-04  1.50238e-05  1.00000e+00  2.04270e-04  2.04425e-04
9.633382102e-01  2.0423129e-04  1.47065e-05  1.00000e+00  2.04231e-04  2.04423e-04
9.954494838e-01  2.0418302e-04  1.45624e-05  1.00000e+00  2.04183e-04  2.04422e-04
1.028631133e+00  2.0415425e-04  1.40256e-05  1.00000e+00  2.04154e-04  2.04433e-04
1.062918838e+00  2.0410713e-04  1.36519e-05  1.00000e+00  2.04107e-04  2.04437e-04
1.098349466e+00  2.0400782e-04  1.37807e-05  1.00000e+00  2.04008e-04  2.04423e-04
1.134961115e+00  2.0389846e-04  1.40306e-05  1.00000e+00  2.03898e-04  2.04424e-04
1.172793152e+00  2.0379392e-04  1.39225e-05  1.00000e+00  2.03794e-04  2.04420e-04
1.211886257e+00  2.0384674e-04  1.36071e-05  1.00000e+00  2.03847e-04  2.04545e-04
1.252282465e+00  2.0362751e-04  1.33376e-05  1.00000e+00  2.03628e-04  2.04444e-04
1.294025214e+00  2.0351274e-04  1.31875e-05  1.00000e+00  2.03513e-04  2.04451e-04
1.337159388e+00  2.0308411e-04  1.48102e-05  1.00000e+00  2.03084e-04  2.04461e-04
1.381731368e+00  2.0253749e-04  1.60811e-05  1.00000e+00  2.02537e-04  2.04424e-04
1.427789080e+00  2.0254348e-04  1.68518e-05  1.00000e+00  2.02543e-04  2.04713e-04
1.475382049e+00  2.0191871e-04  1.67620e-05  1.00000e+00  2.01919e-04  2.04534e-04
1.524561451e+00  2.0175971e-04  1.62523e-05  1.00000e+00  2.01760e-04  2.04545e-04
1.575380166e+00  2.0194110e-04  1.56117e-05  1.00000e+00  2.01941e-04  2.04676e-04
1.627892838e+00  2.0178959e-04  1.48850e-05  1.00000e+00  2.01790e-04  2.04632e-04
1.682155933e+00  2.0138006e-04  1.43796e-05  1.00000e+00  2.01380e-04  2.04477e-04
1.738227797e+00  2.0031686e-04  1.57846e-05  1.00000e+00  2.00317e-04  2.04434e-04
1.796168724e+00  1.9889804e-04  1.75537e-05  1.00000e+00  1.98898e-04  2.04443e-04
1.856041014e+00  1.9792876e-04  1.84234e-05  1.00000e+00  1.97929e-04  2.04499e-04
1.917909048e+00  1.9904400e-04  1.81597e-05  1.00000e+00  1.99044e-04  2.04725e-04
1.981839350e+00  2.0071724e-04  1.83873e-05  1.00000e+00  2.00717e-04  2.05324e-04
2.047900661e+00  2.0060707e-04  1.85268e-05  1.00000e+00  2.00607e-04  2.05310e-04
2.116164017e+00  1.9791905e-04  1.80016e-05  1.00000e+00  1.97919e-04  2.04760e-04
2.186702817e+00  1.9631488e-04  1.72405e-05  1.00000e+00  1.96315e-04  2.04492e-04
2.259592911e+00  1.9629423e-04  1.66577e-05  1.00000e+00  1.96294e-04  2.04426e-04
2.334912675e+00  1.9508927e-04  1.74261e-05  1.00000e+00  1.95089e-04  2.04420e-04
2.412743097e+00  1.9248131e-04  1.93143e-05  1.00000e+00  1.92481e-04  2.04419e-04
2.493167867e+00  1.8934993e-04  2.16612e-05  1.00000e+00  1.89350e-04  2.04502e-04
2.576273463e+00  1.8867245e-04  2.25180e-05  1.00000e+00  1.88672e-04  2.04590e-04
2.662149245e+00  2.0271743e-04  2.22967e-05  1.00000e+00  2.02717e-04  2.06086e-04
2.750887553e+00  2.0606217e-04  2.34311e-05  1.00000e+00  2.06062e-04  2.06437e-04
2.842583805e+00  2.0327261e-04  2.40997e-05  1.00000e+00  2.03273e-04  2.05528e-04
2.937336599e+00  1.8637731e-04  2.45010e-05  1.00000e+00  1.86377e-04  2.04694e-04
3.035247818e+00  1.8197235e-04  2.47210e-05  1.00000e+00  1.81972e-04  2.04563e-04
3.136422746e+00  1.8113464e-04  2.46564e-05  1.00000e+00  1.81135e-04  2.04492e-04
3.240970171e+00  1.8104899e-04  2.44026e-05  1.00000e+00  1.81049e-04  2.04444e-04
3.349002510e+00  1.8135161e-04  2.40976e-05  1.00000e+00  1.81352e-04  2.04431e-04
3.460635927e+00  1.8157988e-04  2.39009e-05  1.00000e+00  1.81580e-04  2.04421e-04
3.575990457e+00  1.8191790e-04  2.38001e-05  1.00000e+00  1.81918e-04  2.04471e-04
3.695190139e+00  1.8195033e-04  2.37113e-05  1.00000e+00  1.81950e-04  2.04436e-04
3.818363144e+00  1.8289758e-04  2.35864e-05  1.00000e+00  1.82898e-04  2.04560e-04
3.945641916e+00  1.8200370e-04  2.39974e-05  1.00000e+00  1.82004e-04  2.04498e-04
4.077163313e+00  1.8175985e-04  2.52629e-05  1.00000e+00  1.81760e-04  2.04620e-04
4.213068756e+00  2.0629257e-04  2.63664e-05  1.00000e+00  2.06293e-04  2.07735e-04
4.353504382e+00  2.0759244e-04  2.74774e-05  1.00000e+00  2.07592e-04  2.07830e-04
4.498621194e+00  2.0147553e-04  2.86983e-05  1.00000e+00  2.01476e-04  2.05370e-04
4.648575234e+00  1.8728318e-04  2.96921e-05  1.00000e+00  1.87283e-04  2.04846e-04
4.803527742e+00  1.8571557e-04  3.08753e-05  1.00000e+00  1.85716e-04  2.05281e-04
4.963645333e+00  1.7298612e-04  3.21836e-05  1.00000e+00  1.72986e-04  2.04696e-04
5.129100178e+00  1.7105984e-04  3.36127e-05  1.00000e+00  1.71060e-04  2.04742e-04
5.300070184e+00  1.7032505e-04  3.48860e-05  1.00000e+00  1.70325e-04  2.04744e-04
5.476739190e+00  1.6492041e-04  3.63124e-05  1.00000e+00  1.64920e-04  2.04491e-04
5.659297163e+00  1.6309683e-04  3.73973e-05  1.00000e+00  1.63097e-04  2.04436e-04
5.847940402e+00  1.6254201e-04  3.83988e-05  1.00000e+00  1.62542e-04  2.04424e-04
6.042871748e+00  1.6280336e-04  3.90539e-05  1.00000e+00  1.62803e-04  2.04421e-04
6.244300807e+00  1.6307909e-04  3.97968e-05  1.00000e+00  1.63079e-04  2.04421e-04
6.452444167e+00  1.5954128e-04  4.27388e-05  1.00000e+00  1.59541e-04  2.04418e-04
6.667525639e+00  1.5437623e-04  4.67977e-05  1.00000e+00  1.54376e-04  2.04419e-04
6.889776494e+00  1.5403601e-04  4.84328e-05  1.00000e+00  1.54036e-04  2.04447e-04
7.119435710e+00  1.5507448e-04  5.00547e-05  1.00000e+00  1.55074e-04  2.04584e-04
7.356750234e+00  1.5499070e-04  5.17984e-05  1.00000e+00  1.54991e-04  2.04592e-04
7.601975242e+00  1.5297415e-04  5.40572e-05  1.00000e+00  1.52974e-04  2.04468e-04
