# ------------------------------------------------------------------------
# Radiance spectrum
# NASA-GSFC Planetary Spectrum Generator (PSG) (Villanueva et al. 2018, 2022)
# Synthesized on Mon Mar 20 10:51:42 2023
# Doppler velocities [km/s] (vobs,vrot+vorb,vwidth,vrfl,vstr): -21.10000,-0.00000,0.10000,0.55403,0.00000
# ------------------------------------------------------------------------
# Spectra synthesized with the Planetary and Universal Model of Atmospheric Scattering (PUMAS, Villanueva et al. 2018, 2022)
# Single scattering radiative transfer method
# ------------------------------------------------------------------------
# Spectral unit: Wavelength [um]
# Radiance unit: Contrast [radiance ratio w.r.t. parent star]
# Wave/freq Total Noise Stellar GJ-357-b Transit
5.000000000e-01  9.7483250e-04  8.48296e-05  1.00000e+00  9.74833e-04  9.74833e-04
5.166666667e-01  9.7472929e-04  8.07362e-05  1.00000e+00  9.74729e-04  9.74729e-04
5.338888889e-01  9.7462830e-04  5.80318e-05  1.00000e+00  9.74628e-04  9.74628e-04
5.516851852e-01  9.7452871e-04  6.13949e-05  1.00000e+00  9.74529e-04  9.74529e-04
5.700746914e-01  9.7443056e-04  5.82193e-05  1.00000e+00  9.74431e-04  9.74431e-04
5.890771811e-01  9.7433393e-04  6.26954e-05  1.00000e+00  9.74334e-04  9.74334e-04
6.087130871e-01  9.7423889e-04  4.85544e-05  1.00000e+00  9.74239e-04  9.74239e-04
6.290035233e-01  9.7414533e-04  5.41262e-05  1.00000e+00  9.74145e-04  9.74145e-04
6.499703075e-01  9.7405530e-04  4.24440e-05  1.00000e+00  9.74055e-04  9.74055e-04
6.716359844e-01  9.7396354e-04  4.96315e-05  1.00000e+00  9.73964e-04  9.73964e-04
6.940238505e-01  9.7387569e-04  3.62293e-05  1.00000e+00  9.73876e-04  9.73876e-04
7.171579789e-01  9.7379814e-04  4.38138e-05  1.00000e+00  9.73798e-04  9.73798e-04
7.410632448e-01  9.7370726e-04  2.62484e-05  1.00000e+00  9.73707e-04  9.73707e-04
7.657653530e-01  9.7362722e-04  2.83588e-05  1.00000e+00  9.73627e-04  9.73627e-04
7.912908648e-01  9.7357328e-04  2.65612e-05  1.00000e+00  9.73573e-04  9.73573e-04
8.176672269e-01  9.7347835e-04  2.33141e-05  1.00000e+00  9.73478e-04  9.73478e-04
8.449228011e-01  9.7340658e-04  2.43524e-05  1.00000e+00  9.73407e-04  9.73407e-04
8.730868945e-01  9.7339061e-04  2.19256e-05  1.00000e+00  9.73391e-04  9.73391e-04
9.021897910e-01  9.7328938e-04  2.23531e-05  1.00000e+00  9.73289e-04  9.73289e-04
9.322627840e-01  9.7326241e-04  2.06343e-05  1.00000e+00  9.73262e-04  9.73262e-04
9.633382102e-01  9.7316538e-04  2.01933e-05  1.00000e+00  9.73165e-04  9.73165e-04
9.954494838e-01  9.7311773e-04  1.99852e-05  1.00000e+00  9.73118e-04  9.73118e-04
1.028631133e+00  9.7330052e-04  1.92429e-05  1.00000e+00  9.73301e-04  9.73301e-04
1.062918838e+00  9.7337218e-04  1.87272e-05  1.00000e+00  9.73372e-04  9.73372e-04
1.098349466e+00  9.7307366e-04  1.89098e-05  1.00000e+00  9.73074e-04  9.73074e-04
1.134961115e+00  9.7307651e-04  1.92368e-05  1.00000e+00  9.73077e-04  9.73077e-04
1.172793152e+00  9.7292641e-04  1.90809e-05  1.00000e+00  9.72926e-04  9.72926e-04
1.211886257e+00  9.7453963e-04  1.86436e-05  1.00000e+00  9.74540e-04  9.74540e-04
1.252282465e+00  9.7337928e-04  1.82725e-05  1.00000e+00  9.73379e-04  9.73379e-04
1.294025214e+00  9.7347855e-04  1.80712e-05  1.00000e+00  9.73479e-04  9.73479e-04
1.337159388e+00  9.7358963e-04  2.02936e-05  1.00000e+00  9.73590e-04  9.73590e-04
1.381731368e+00  9.7298791e-04  2.20140e-05  1.00000e+00  9.72988e-04  9.72988e-04
1.427789080e+00  9.7527686e-04  2.30712e-05  1.00000e+00  9.75277e-04  9.75277e-04
1.475382049e+00  9.7410323e-04  2.29457e-05  1.00000e+00  9.74103e-04  9.74103e-04
1.524561451e+00  9.7441476e-04  2.22334e-05  1.00000e+00  9.74415e-04  9.74415e-04
1.575380166e+00  9.7506206e-04  2.13538e-05  1.00000e+00  9.75062e-04  9.75062e-04
1.627892838e+00  9.7505514e-04  2.03517e-05  1.00000e+00  9.75055e-04  9.75055e-04
1.682155933e+00  9.7360188e-04  1.96664e-05  1.00000e+00  9.73602e-04  9.73602e-04
1.738227797e+00  9.7293463e-04  2.16085e-05  1.00000e+00  9.72935e-04  9.72935e-04
1.796168724e+00  9.7282308e-04  2.40143e-05  1.00000e+00  9.72823e-04  9.72823e-04
1.856041014e+00  9.7380418e-04  2.51794e-05  1.00000e+00  9.73804e-04  9.73805e-04
1.917909048e+00  9.7468925e-04  2.48129e-05  1.00000e+00  9.74689e-04  9.74689e-04
1.981839350e+00  9.7740842e-04  2.51266e-05  1.00000e+00  9.77408e-04  9.77408e-04
2.047900661e+00  9.7748335e-04  2.53155e-05  1.00000e+00  9.77483e-04  9.77483e-04
2.116164017e+00  9.7507596e-04  2.45934e-05  1.00000e+00  9.75076e-04  9.75076e-04
2.186702817e+00  9.7370823e-04  2.35476e-05  1.00000e+00  9.73708e-04  9.73710e-04
2.259592911e+00  9.7294297e-04  2.27499e-05  1.00000e+00  9.72943e-04  9.72949e-04
2.334912675e+00  9.7267956e-04  2.38136e-05  1.00000e+00  9.72680e-04  9.72692e-04
2.412743097e+00  9.7273885e-04  2.63991e-05  1.00000e+00  9.72739e-04  9.72759e-04
2.493167867e+00  9.7377015e-04  2.95923e-05  1.00000e+00  9.73770e-04  9.73777e-04
2.576273463e+00  9.7407996e-04  3.07403e-05  1.00000e+00  9.74080e-04  9.74087e-04
2.662149245e+00  9.7910561e-04  3.04432e-05  1.00000e+00  9.79106e-04  9.79115e-04
2.750887553e+00  9.8029445e-04  3.19874e-05  1.00000e+00  9.80294e-04  9.80302e-04
2.842583805e+00  9.7797051e-04  3.29182e-05  1.00000e+00  9.77971e-04  9.77973e-04
2.937336599e+00  9.7465462e-04  3.34232e-05  1.00000e+00  9.74655e-04  9.74670e-04
3.035247818e+00  9.7408330e-04  3.37310e-05  1.00000e+00  9.74083e-04  9.74123e-04
3.136422746e+00  9.7415759e-04  3.36469e-05  1.00000e+00  9.74158e-04  9.74202e-04
3.240970171e+00  9.7276398e-04  3.32936e-05  1.00000e+00  9.72764e-04  9.72864e-04
3.349002510e+00  9.7299283e-04  3.28770e-05  1.00000e+00  9.72993e-04  9.73115e-04
3.460635927e+00  9.7248648e-04  3.26053e-05  1.00000e+00  9.72486e-04  9.72713e-04
3.575990457e+00  9.7412350e-04  3.24713e-05  1.00000e+00  9.74123e-04  9.74260e-04
3.695190139e+00  9.7386014e-04  3.23411e-05  1.00000e+00  9.73860e-04  9.74133e-04
3.818363144e+00  9.7499975e-04  3.21740e-05  1.00000e+00  9.75000e-04  9.75048e-04
3.945641916e+00  9.7431724e-04  3.27352e-05  1.00000e+00  9.74317e-04  9.74477e-04
4.077163313e+00  9.7440149e-04  3.44745e-05  1.00000e+00  9.74401e-04  9.74506e-04
4.213068756e+00  9.8239135e-04  3.59667e-05  1.00000e+00  9.82391e-04  9.83448e-04
4.353504382e+00  9.8287911e-04  3.74781e-05  1.00000e+00  9.82879e-04  9.83817e-04
4.498621194e+00  9.7700493e-04  3.91347e-05  1.00000e+00  9.77005e-04  9.77086e-04
4.648575234e+00  9.7526434e-04  4.05013e-05  1.00000e+00  9.75264e-04  9.75357e-04
4.803527742e+00  9.7743562e-04  4.20937e-05  1.00000e+00  9.77436e-04  9.77440e-04
4.963645333e+00  9.7475079e-04  4.38938e-05  1.00000e+00  9.74751e-04  9.75119e-04
5.129100178e+00  9.7556189e-04  4.58136e-05  1.00000e+00  9.75562e-04  9.75702e-04
5.300070184e+00  9.7497428e-04  4.75703e-05  1.00000e+00  9.74974e-04  9.75279e-04
5.476739190e+00  9.7018839e-04  4.94982e-05  1.00000e+00  9.70188e-04  9.73084e-04
5.659297163e+00  9.6766684e-04  5.09656e-05  1.00000e+00  9.67667e-04  9.72671e-04
5.847940402e+00  9.6684559e-04  5.23299e-05  1.00000e+00  9.66846e-04  9.72696e-04
6.042871748e+00  9.6618135e-04  5.32220e-05  1.00000e+00  9.66181e-04  9.72804e-04
6.244300807e+00  9.6691569e-04  5.42151e-05  1.00000e+00  9.66916e-04  9.72988e-04
6.452444167e+00  9.6790568e-04  5.82699e-05  1.00000e+00  9.67906e-04  9.73474e-04
6.667525639e+00  9.6958315e-04  6.37586e-05  1.00000e+00  9.69583e-04  9.74027e-04
6.889776494e+00  9.7371381e-04  6.59787e-05  1.00000e+00  9.73714e-04  9.74612e-04
7.119435710e+00  9.7553708e-04  6.81987e-05  1.00000e+00  9.75537e-04  9.75664e-04
7.356750234e+00  9.7554502e-04  7.05442e-05  1.00000e+00  9.75545e-04  9.75713e-04
7.601975242e+00  9.7486596e-04  7.36413e-05  1.00000e+00  9.74866e-04  9.75156e-04
