# ------------------------------------------------------------------------
# Radiance spectrum
# NASA-GSFC Planetary Spectrum Generator (PSG) (Villanueva et al. 2018, 2022)
# Synthesized on Tue Jun  6 08:14:33 2023
# Doppler velocities [km/s] (vobs,vrot+vorb,vwidth,vrfl,vstr): -21.10000,-0.00000,0.24000,0.45756,0.00000
# ------------------------------------------------------------------------
# Spectra synthesized with the Planetary and Universal Model of Atmospheric Scattering (PUMAS, Villanueva et al. 2018, 2022)
# Single scattering radiative transfer method
# ------------------------------------------------------------------------
# Spectral unit: Wavelength [um]
# Radiance unit: Contrast [radiance ratio w.r.t. parent star]
# Wave/freq Total Noise Stellar trappist-1b Transit
6.000000000e-01  7.7843057e-03  2.11705e-04  1.00000e+00  7.78431e-03  7.78431e-03
6.220000000e-01  7.7819888e-03  1.93231e-04  1.00000e+00  7.78199e-03  7.78199e-03
6.440000000e-01  7.7797831e-03  1.50638e-04  1.00000e+00  7.77978e-03  7.77978e-03
6.660000000e-01  7.7776877e-03  1.54559e-04  1.00000e+00  7.77769e-03  7.77769e-03
6.880000000e-01  7.7756834e-03  1.34900e-04  1.00000e+00  7.77568e-03  7.77568e-03
7.100000000e-01  7.7740329e-03  1.27112e-04  1.00000e+00  7.77403e-03  7.77403e-03
7.320000000e-01  7.7720423e-03  9.40623e-05  1.00000e+00  7.77204e-03  7.77204e-03
7.540000000e-01  7.7703643e-03  7.53772e-05  1.00000e+00  7.77036e-03  7.77036e-03
7.760000000e-01  7.7697571e-03  9.12191e-05  1.00000e+00  7.76976e-03  7.76976e-03
7.980000000e-01  7.7675922e-03  7.28620e-05  1.00000e+00  7.76759e-03  7.76759e-03
8.200000000e-01  7.7660549e-03  6.69671e-05  1.00000e+00  7.76605e-03  7.76605e-03
8.420000000e-01  7.7647741e-03  6.94029e-05  1.00000e+00  7.76477e-03  7.76477e-03
8.640000000e-01  7.7660431e-03  6.36208e-05  1.00000e+00  7.76604e-03  7.76604e-03
8.860000000e-01  7.7627975e-03  6.22929e-05  1.00000e+00  7.76280e-03  7.76280e-03
9.080000000e-01  7.7618307e-03  5.93127e-05  1.00000e+00  7.76183e-03  7.76183e-03
9.300000000e-01  7.7621714e-03  5.63684e-05  1.00000e+00  7.76217e-03  7.76217e-03
9.520000000e-01  7.7599195e-03  5.45227e-05  1.00000e+00  7.75992e-03  7.75992e-03
9.740000000e-01  7.7592588e-03  5.44018e-05  1.00000e+00  7.75926e-03  7.75926e-03
9.960000000e-01  7.7584680e-03  5.31377e-05  1.00000e+00  7.75847e-03  7.75847e-03
1.018000000e+00  7.7577889e-03  5.14224e-05  1.00000e+00  7.75779e-03  7.75779e-03
1.040000000e+00  7.7646772e-03  5.00550e-05  1.00000e+00  7.76468e-03  7.76468e-03
1.062000000e+00  7.7675385e-03  4.89704e-05  1.00000e+00  7.76754e-03  7.76754e-03
1.084000000e+00  7.7578351e-03  4.85086e-05  1.00000e+00  7.75784e-03  7.75784e-03
1.106000000e+00  7.7583667e-03  4.94471e-05  1.00000e+00  7.75837e-03  7.75837e-03
1.128000000e+00  7.7603513e-03  4.96407e-05  1.00000e+00  7.76035e-03  7.76035e-03
1.150000000e+00  7.7569572e-03  4.93703e-05  1.00000e+00  7.75696e-03  7.75696e-03
1.172000000e+00  7.7547208e-03  4.89859e-05  1.00000e+00  7.75472e-03  7.75472e-03
1.194000000e+00  7.7619671e-03  4.84655e-05  1.00000e+00  7.76197e-03  7.76197e-03
1.216000000e+00  7.7969998e-03  4.73121e-05  1.00000e+00  7.79700e-03  7.79700e-03
1.238000000e+00  7.7783159e-03  4.67547e-05  1.00000e+00  7.77832e-03  7.77832e-03
1.260000000e+00  7.7664965e-03  4.62750e-05  1.00000e+00  7.76650e-03  7.76650e-03
1.282000000e+00  7.7692648e-03  4.58404e-05  1.00000e+00  7.76926e-03  7.76926e-03
1.304000000e+00  7.7694768e-03  4.56444e-05  1.00000e+00  7.76948e-03  7.76948e-03
1.326000000e+00  7.7732186e-03  4.79817e-05  1.00000e+00  7.77322e-03  7.77322e-03
1.348000000e+00  7.7733135e-03  5.53629e-05  1.00000e+00  7.77331e-03  7.77331e-03
1.370000000e+00  7.7618354e-03  5.49932e-05  1.00000e+00  7.76184e-03  7.76184e-03
1.392000000e+00  7.7560858e-03  5.61431e-05  1.00000e+00  7.75609e-03  7.75609e-03
1.414000000e+00  7.7527743e-03  5.79815e-05  1.00000e+00  7.75277e-03  7.75277e-03
1.436000000e+00  7.8269920e-03  5.82653e-05  1.00000e+00  7.82699e-03  7.82699e-03
1.458000000e+00  7.7967843e-03  5.80116e-05  1.00000e+00  7.79678e-03  7.79678e-03
1.480000000e+00  7.7904388e-03  5.80275e-05  1.00000e+00  7.79044e-03  7.79044e-03
1.502000000e+00  7.7739819e-03  5.69723e-05  1.00000e+00  7.77398e-03  7.77398e-03
1.524000000e+00  7.7983950e-03  5.60240e-05  1.00000e+00  7.79839e-03  7.79840e-03
1.546000000e+00  7.7868677e-03  5.53769e-05  1.00000e+00  7.78687e-03  7.78687e-03
1.568000000e+00  7.8183380e-03  5.43467e-05  1.00000e+00  7.81834e-03  7.81834e-03
1.590000000e+00  7.8078460e-03  5.31293e-05  1.00000e+00  7.80785e-03  7.80785e-03
1.612000000e+00  7.8227740e-03  5.23482e-05  1.00000e+00  7.82277e-03  7.82277e-03
1.634000000e+00  7.8067590e-03  5.11321e-05  1.00000e+00  7.80676e-03  7.80676e-03
1.656000000e+00  7.7993390e-03  4.99764e-05  1.00000e+00  7.79934e-03  7.79934e-03
1.678000000e+00  7.7852152e-03  4.93693e-05  1.00000e+00  7.78522e-03  7.78522e-03
1.700000000e+00  7.7692650e-03  5.04293e-05  1.00000e+00  7.76926e-03  7.76927e-03
1.722000000e+00  7.7595796e-03  5.30388e-05  1.00000e+00  7.75958e-03  7.75958e-03
1.744000000e+00  7.7523437e-03  5.55383e-05  1.00000e+00  7.75234e-03  7.75234e-03
1.766000000e+00  7.7674518e-03  5.84547e-05  1.00000e+00  7.76745e-03  7.76745e-03
1.788000000e+00  7.7661081e-03  6.07003e-05  1.00000e+00  7.76611e-03  7.76611e-03
1.810000000e+00  7.7604710e-03  6.25145e-05  1.00000e+00  7.76047e-03  7.76047e-03
1.832000000e+00  7.7525117e-03  6.26314e-05  1.00000e+00  7.75251e-03  7.75251e-03
1.854000000e+00  7.7551760e-03  6.55338e-05  1.00000e+00  7.75518e-03  7.75518e-03
1.876000000e+00  7.8031640e-03  6.49357e-05  1.00000e+00  7.80316e-03  7.80316e-03
1.898000000e+00  7.8033030e-03  6.38316e-05  1.00000e+00  7.80330e-03  7.80330e-03
1.920000000e+00  7.7884425e-03  6.37971e-05  1.00000e+00  7.78844e-03  7.78844e-03
1.942000000e+00  7.8471750e-03  6.39397e-05  1.00000e+00  7.84717e-03  7.84717e-03
1.964000000e+00  7.8567260e-03  6.38702e-05  1.00000e+00  7.85673e-03  7.85673e-03
1.986000000e+00  7.8373449e-03  6.54331e-05  1.00000e+00  7.83734e-03  7.83735e-03
2.008000000e+00  7.8731509e-03  6.60763e-05  1.00000e+00  7.87315e-03  7.87315e-03
2.030000000e+00  7.8623689e-03  6.60763e-05  1.00000e+00  7.86237e-03  7.86237e-03
2.052000000e+00  7.8558729e-03  6.57680e-05  1.00000e+00  7.85587e-03  7.85587e-03
2.074000000e+00  7.8539789e-03  6.55765e-05  1.00000e+00  7.85398e-03  7.85398e-03
2.096000000e+00  7.8437099e-03  6.49975e-05  1.00000e+00  7.84371e-03  7.84371e-03
2.118000000e+00  7.8225469e-03  6.42874e-05  1.00000e+00  7.82255e-03  7.82255e-03
2.140000000e+00  7.8070298e-03  6.35723e-05  1.00000e+00  7.80703e-03  7.80703e-03
2.162000000e+00  7.8050578e-03  6.26733e-05  1.00000e+00  7.80506e-03  7.80506e-03
2.184000000e+00  7.7874173e-03  6.20671e-05  1.00000e+00  7.78742e-03  7.78742e-03
2.206000000e+00  7.7722495e-03  6.14726e-05  1.00000e+00  7.77225e-03  7.77225e-03
2.228000000e+00  7.7625771e-03  6.06966e-05  1.00000e+00  7.76258e-03  7.76258e-03
2.250000000e+00  7.7592536e-03  6.00924e-05  1.00000e+00  7.75925e-03  7.75926e-03
2.272000000e+00  7.7586978e-03  6.00352e-05  1.00000e+00  7.75870e-03  7.75870e-03
2.294000000e+00  7.7546657e-03  6.07470e-05  1.00000e+00  7.75467e-03  7.75467e-03
2.316000000e+00  7.7516766e-03  6.22159e-05  1.00000e+00  7.75168e-03  7.75168e-03
2.338000000e+00  7.7503341e-03  6.37031e-05  1.00000e+00  7.75033e-03  7.75034e-03
2.360000000e+00  7.7516313e-03  6.55197e-05  1.00000e+00  7.75163e-03  7.75164e-03
2.382000000e+00  7.7551757e-03  6.68750e-05  1.00000e+00  7.75518e-03  7.75519e-03
2.404000000e+00  7.7546388e-03  6.99454e-05  1.00000e+00  7.75464e-03  7.75465e-03
2.426000000e+00  7.7500471e-03  7.30397e-05  1.00000e+00  7.75005e-03  7.75007e-03
2.448000000e+00  7.7501638e-03  7.53957e-05  1.00000e+00  7.75016e-03  7.75019e-03
2.470000000e+00  7.7659265e-03  7.86746e-05  1.00000e+00  7.76593e-03  7.76594e-03
2.492000000e+00  7.7948184e-03  8.01929e-05  1.00000e+00  7.79482e-03  7.79482e-03
2.514000000e+00  7.7894295e-03  8.26305e-05  1.00000e+00  7.78943e-03  7.78943e-03
2.536000000e+00  7.7807695e-03  8.36886e-05  1.00000e+00  7.78077e-03  7.78077e-03
2.558000000e+00  7.7795058e-03  8.45777e-05  1.00000e+00  7.77951e-03  7.77951e-03
2.580000000e+00  7.7966783e-03  8.44145e-05  1.00000e+00  7.79668e-03  7.79668e-03
2.602000000e+00  7.8089530e-03  8.39037e-05  1.00000e+00  7.80895e-03  7.80896e-03
2.624000000e+00  7.8093874e-03  8.39470e-05  1.00000e+00  7.80939e-03  7.80939e-03
2.646000000e+00  7.8129389e-03  8.31601e-05  1.00000e+00  7.81294e-03  7.81294e-03
2.668000000e+00  7.8940502e-03  8.34631e-05  1.00000e+00  7.89405e-03  7.89406e-03
2.690000000e+00  7.9131441e-03  8.53657e-05  1.00000e+00  7.91314e-03  7.91315e-03
2.712000000e+00  7.9066529e-03  8.75896e-05  1.00000e+00  7.90665e-03  7.90666e-03
2.734000000e+00  7.8970636e-03  8.90760e-05  1.00000e+00  7.89706e-03  7.89707e-03
2.756000000e+00  7.9015245e-03  8.94398e-05  1.00000e+00  7.90152e-03  7.90154e-03
2.778000000e+00  7.9045140e-03  9.08827e-05  1.00000e+00  7.90451e-03  7.90453e-03
2.800000000e+00  7.9041687e-03  9.11145e-05  1.00000e+00  7.90417e-03  7.90418e-03
2.822000000e+00  7.8992000e-03  9.20679e-05  1.00000e+00  7.89920e-03  7.89922e-03
2.844000000e+00  7.8884509e-03  9.36269e-05  1.00000e+00  7.88845e-03  7.88847e-03
2.866000000e+00  7.8721716e-03  9.29510e-05  1.00000e+00  7.87217e-03  7.87219e-03
2.888000000e+00  7.8504488e-03  9.31701e-05  1.00000e+00  7.85045e-03  7.85047e-03
2.910000000e+00  7.8265941e-03  9.48851e-05  1.00000e+00  7.82659e-03  7.82662e-03
2.932000000e+00  7.8066298e-03  9.52484e-05  1.00000e+00  7.80663e-03  7.80666e-03
2.954000000e+00  7.8103192e-03  9.60891e-05  1.00000e+00  7.81032e-03  7.81035e-03
2.976000000e+00  7.8178286e-03  9.63297e-05  1.00000e+00  7.81783e-03  7.81786e-03
2.998000000e+00  7.8059655e-03  9.72797e-05  1.00000e+00  7.80597e-03  7.80600e-03
3.020000000e+00  7.8123748e-03  9.72335e-05  1.00000e+00  7.81237e-03  7.81241e-03
3.042000000e+00  7.7997476e-03  9.76655e-05  1.00000e+00  7.79975e-03  7.79979e-03
3.064000000e+00  7.7885552e-03  9.76011e-05  1.00000e+00  7.78856e-03  7.78860e-03
3.086000000e+00  7.7769263e-03  9.78030e-05  1.00000e+00  7.77693e-03  7.77698e-03
3.108000000e+00  7.7850778e-03  9.79134e-05  1.00000e+00  7.78508e-03  7.78513e-03
3.130000000e+00  7.7883759e-03  9.79881e-05  1.00000e+00  7.78838e-03  7.78843e-03
3.152000000e+00  7.7886971e-03  9.83442e-05  1.00000e+00  7.78870e-03  7.78876e-03
3.174000000e+00  7.7931861e-03  9.83893e-05  1.00000e+00  7.79319e-03  7.79325e-03
3.196000000e+00  7.7822013e-03  9.88411e-05  1.00000e+00  7.78220e-03  7.78227e-03
3.218000000e+00  7.7813226e-03  9.84865e-05  1.00000e+00  7.78132e-03  7.78139e-03
3.240000000e+00  7.7735765e-03  9.84305e-05  1.00000e+00  7.77358e-03  7.77365e-03
3.262000000e+00  7.7733547e-03  9.78014e-05  1.00000e+00  7.77335e-03  7.77343e-03
3.284000000e+00  7.7763121e-03  9.86708e-05  1.00000e+00  7.77631e-03  7.77640e-03
3.306000000e+00  7.7800861e-03  9.83304e-05  1.00000e+00  7.78009e-03  7.78018e-03
3.328000000e+00  7.7828322e-03  9.82154e-05  1.00000e+00  7.78283e-03  7.78293e-03
3.350000000e+00  7.7837144e-03  9.87207e-05  1.00000e+00  7.78371e-03  7.78382e-03
3.372000000e+00  7.7765822e-03  9.85308e-05  1.00000e+00  7.77658e-03  7.77669e-03
3.394000000e+00  7.7690490e-03  9.87457e-05  1.00000e+00  7.76905e-03  7.76917e-03
3.416000000e+00  7.7624964e-03  9.86404e-05  1.00000e+00  7.76250e-03  7.76262e-03
3.438000000e+00  7.7593541e-03  9.91650e-05  1.00000e+00  7.75935e-03  7.75949e-03
3.460000000e+00  7.7533571e-03  9.89316e-05  1.00000e+00  7.75336e-03  7.75365e-03
3.482000000e+00  7.7501517e-03  9.92801e-05  1.00000e+00  7.75015e-03  7.75084e-03
3.504000000e+00  7.7527385e-03  9.89693e-05  1.00000e+00  7.75274e-03  7.75339e-03
3.526000000e+00  7.7616617e-03  9.98163e-05  1.00000e+00  7.76166e-03  7.76226e-03
3.548000000e+00  7.7719380e-03  9.98600e-05  1.00000e+00  7.77194e-03  7.77226e-03
3.570000000e+00  7.7810730e-03  9.99569e-05  1.00000e+00  7.78107e-03  7.78127e-03
3.592000000e+00  7.7870155e-03  1.00338e-04  1.00000e+00  7.78702e-03  7.78721e-03
3.614000000e+00  7.7888176e-03  9.99868e-05  1.00000e+00  7.78882e-03  7.78902e-03
3.636000000e+00  7.7850272e-03  1.00223e-04  1.00000e+00  7.78503e-03  7.78524e-03
3.658000000e+00  7.7793225e-03  1.01025e-04  1.00000e+00  7.77932e-03  7.77956e-03
3.680000000e+00  7.7653922e-03  1.00990e-04  1.00000e+00  7.76539e-03  7.76597e-03
3.702000000e+00  7.7556621e-03  1.01080e-04  1.00000e+00  7.75566e-03  7.75661e-03
3.724000000e+00  7.7597064e-03  1.01259e-04  1.00000e+00  7.75971e-03  7.76053e-03
3.746000000e+00  7.7729228e-03  1.01297e-04  1.00000e+00  7.77292e-03  7.77331e-03
3.768000000e+00  7.7922843e-03  1.01510e-04  1.00000e+00  7.79228e-03  7.79257e-03
3.790000000e+00  7.8057733e-03  1.01202e-04  1.00000e+00  7.80577e-03  7.80607e-03
3.812000000e+00  7.8063925e-03  1.01920e-04  1.00000e+00  7.80639e-03  7.80671e-03
3.834000000e+00  7.8057565e-03  1.02549e-04  1.00000e+00  7.80576e-03  7.80609e-03
3.856000000e+00  7.8041328e-03  1.02522e-04  1.00000e+00  7.80413e-03  7.80448e-03
3.878000000e+00  7.7889998e-03  1.02756e-04  1.00000e+00  7.78900e-03  7.78936e-03
3.900000000e+00  7.7701607e-03  1.03998e-04  1.00000e+00  7.77016e-03  7.77078e-03
3.922000000e+00  7.7702316e-03  1.04290e-04  1.00000e+00  7.77023e-03  7.77080e-03
3.944000000e+00  7.7839387e-03  1.05118e-04  1.00000e+00  7.78394e-03  7.78436e-03
3.966000000e+00  7.7962262e-03  1.06077e-04  1.00000e+00  7.79623e-03  7.79667e-03
3.988000000e+00  7.7977932e-03  1.08451e-04  1.00000e+00  7.79779e-03  7.79827e-03
4.010000000e+00  7.8015905e-03  1.08715e-04  1.00000e+00  7.80159e-03  7.80209e-03
4.032000000e+00  7.8064030e-03  1.10207e-04  1.00000e+00  7.80640e-03  7.80694e-03
4.054000000e+00  7.8037846e-03  1.12085e-04  1.00000e+00  7.80378e-03  7.80435e-03
4.076000000e+00  7.8142202e-03  1.14297e-04  1.00000e+00  7.81422e-03  7.81483e-03
4.098000000e+00  7.8157730e-03  1.14872e-04  1.00000e+00  7.81577e-03  7.81641e-03
4.120000000e+00  7.8083084e-03  1.16278e-04  1.00000e+00  7.80831e-03  7.80898e-03
4.142000000e+00  7.8141365e-03  1.16718e-04  1.00000e+00  7.81414e-03  7.81484e-03
4.164000000e+00  7.8451655e-03  1.19182e-04  1.00000e+00  7.84517e-03  7.84592e-03
4.186000000e+00  7.8817850e-03  1.19045e-04  1.00000e+00  7.88178e-03  7.88256e-03
4.208000000e+00  7.9188678e-03  1.20862e-04  1.00000e+00  7.91887e-03  7.91969e-03
4.230000000e+00  7.9351859e-03  1.20644e-04  1.00000e+00  7.93519e-03  7.93603e-03
4.252000000e+00  7.9372632e-03  1.23826e-04  1.00000e+00  7.93726e-03  7.93818e-03
4.274000000e+00  7.9436702e-03  1.23919e-04  1.00000e+00  7.94367e-03  7.94462e-03
4.296000000e+00  7.9450636e-03  1.25411e-04  1.00000e+00  7.94506e-03  7.94606e-03
4.318000000e+00  7.9434050e-03  1.26207e-04  1.00000e+00  7.94340e-03  7.94444e-03
4.340000000e+00  7.9401242e-03  1.27820e-04  1.00000e+00  7.94012e-03  7.94121e-03
4.362000000e+00  7.9350586e-03  1.29096e-04  1.00000e+00  7.93506e-03  7.93620e-03
4.384000000e+00  7.9295707e-03  1.30598e-04  1.00000e+00  7.92957e-03  7.93077e-03
4.406000000e+00  7.9261297e-03  1.32117e-04  1.00000e+00  7.92613e-03  7.92739e-03
4.428000000e+00  7.9172711e-03  1.34913e-04  1.00000e+00  7.91727e-03  7.91861e-03
4.450000000e+00  7.9056240e-03  1.34385e-04  1.00000e+00  7.90562e-03  7.90699e-03
4.472000000e+00  7.8948026e-03  1.36337e-04  1.00000e+00  7.89480e-03  7.89624e-03
4.494000000e+00  7.8816523e-03  1.37284e-04  1.00000e+00  7.88165e-03  7.88315e-03
4.516000000e+00  7.8682733e-03  1.38027e-04  1.00000e+00  7.86827e-03  7.86983e-03
4.538000000e+00  7.8535972e-03  1.39384e-04  1.00000e+00  7.85360e-03  7.85522e-03
4.560000000e+00  7.8424442e-03  1.41436e-04  1.00000e+00  7.84244e-03  7.84415e-03
4.582000000e+00  7.8278738e-03  1.41150e-04  1.00000e+00  7.82787e-03  7.82961e-03
4.604000000e+00  7.8234936e-03  1.43913e-04  1.00000e+00  7.82349e-03  7.82534e-03
4.626000000e+00  7.8264766e-03  1.45033e-04  1.00000e+00  7.82648e-03  7.82839e-03
4.648000000e+00  7.8259847e-03  1.46165e-04  1.00000e+00  7.82598e-03  7.82797e-03
4.670000000e+00  7.8271511e-03  1.47988e-04  1.00000e+00  7.82715e-03  7.82922e-03
4.692000000e+00  7.8377397e-03  1.47708e-04  1.00000e+00  7.83774e-03  7.83985e-03
4.714000000e+00  7.8424878e-03  1.49677e-04  1.00000e+00  7.84249e-03  7.84470e-03
4.736000000e+00  7.8447325e-03  1.50824e-04  1.00000e+00  7.84473e-03  7.84702e-03
4.758000000e+00  7.8432591e-03  1.52810e-04  1.00000e+00  7.84326e-03  7.84565e-03
4.780000000e+00  7.8480474e-03  1.55077e-04  1.00000e+00  7.84805e-03  7.85055e-03
4.802000000e+00  7.8530328e-03  1.55396e-04  1.00000e+00  7.85303e-03  7.85560e-03
4.824000000e+00  7.8537483e-03  1.56669e-04  1.00000e+00  7.85375e-03  7.85641e-03
4.846000000e+00  7.8520192e-03  1.58892e-04  1.00000e+00  7.85202e-03  7.85480e-03
4.868000000e+00  7.8535319e-03  1.60834e-04  1.00000e+00  7.85353e-03  7.85643e-03
4.890000000e+00  7.8436428e-03  1.61486e-04  1.00000e+00  7.84364e-03  7.84662e-03
4.912000000e+00  7.8396560e-03  1.61256e-04  1.00000e+00  7.83966e-03  7.84268e-03
4.934000000e+00  7.8262940e-03  1.64782e-04  1.00000e+00  7.82629e-03  7.82949e-03
4.956000000e+00  7.8176712e-03  1.67374e-04  1.00000e+00  7.81767e-03  7.82101e-03
4.978000000e+00  7.8146260e-03  1.67157e-04  1.00000e+00  7.81463e-03  7.81803e-03
5.000000000e+00  7.8084771e-03  1.69857e-04  1.00000e+00  7.80848e-03  7.81203e-03
5.022000000e+00  7.8024169e-03  1.74382e-04  1.00000e+00  7.80242e-03  7.80619e-03
5.044000000e+00  7.8026645e-03  1.72426e-04  1.00000e+00  7.80266e-03  7.80644e-03
5.066000000e+00  7.8034857e-03  1.74584e-04  1.00000e+00  7.80349e-03  7.80741e-03
5.088000000e+00  7.8068345e-03  1.77566e-04  1.00000e+00  7.80683e-03  7.81093e-03
5.110000000e+00  7.8088304e-03  1.78195e-04  1.00000e+00  7.80883e-03  7.81302e-03
5.132000000e+00  7.8020349e-03  1.80540e-04  1.00000e+00  7.80203e-03  7.80639e-03
5.154000000e+00  7.8116459e-03  1.82803e-04  1.00000e+00  7.81165e-03  7.81616e-03
5.176000000e+00  7.8302977e-03  1.84103e-04  1.00000e+00  7.83030e-03  7.83494e-03
5.198000000e+00  7.8234798e-03  1.84478e-04  1.00000e+00  7.82348e-03  7.82821e-03
5.220000000e+00  7.8309961e-03  1.87118e-04  1.00000e+00  7.83100e-03  7.83592e-03
5.242000000e+00  7.8315913e-03  1.89740e-04  1.00000e+00  7.83159e-03  7.83670e-03
5.264000000e+00  7.8290887e-03  1.89212e-04  1.00000e+00  7.82909e-03  7.83426e-03
5.286000000e+00  7.8212237e-03  1.94215e-04  1.00000e+00  7.82122e-03  7.82668e-03
