# ------------------------------------------------------------------------
# Radiance spectrum
# NASA-GSFC Planetary Spectrum Generator (PSG) (Villanueva et al. 2018, 2022)
# Synthesized on Mon Mar 20 11:02:30 2023
# Doppler velocities [km/s] (vobs,vrot+vorb,vwidth,vrfl,vstr): -5.58000,-0.00000,0.32000,-24.82468,0.00000
# Spectral unit: Wavelength [um]
# Radiance unit: Contrast [radiance ratio w.r.t. parent star]
# Wave/freq Total Noise Stellar Object Reflected Thermal Transit
5.000000000e-01  2.1702270e-03  3.85324e-04  1.00000e+00  2.17023e-03 -0.00000e+00 -3.41444e-30  2.17023e-03
5.166666667e-01  2.1702270e-03  3.65819e-04  1.00000e+00  2.17023e-03 -0.00000e+00 -2.64855e-29  2.17023e-03
5.338888889e-01  2.1702270e-03  2.61031e-04  1.00000e+00  2.17023e-03 -0.00000e+00 -1.18003e-28  2.17023e-03
5.516851852e-01  2.1702270e-03  2.75304e-04  1.00000e+00  2.17023e-03 -0.00000e+00 -9.87521e-28  2.17023e-03
5.700746914e-01  2.1702270e-03  2.60057e-04  1.00000e+00  2.17023e-03 -0.00000e+00 -6.30707e-27  2.17023e-03
5.890771811e-01  2.1702270e-03  2.79272e-04  1.00000e+00  2.17023e-03 -0.00000e+00 -4.76637e-26  2.17023e-03
6.087130871e-01  2.1702270e-03  2.15251e-04  1.00000e+00  2.17023e-03 -0.00000e+00 -1.83123e-25  2.17023e-03
6.290035233e-01  2.1702270e-03  2.39355e-04  1.00000e+00  2.17023e-03 -0.00000e+00 -1.30550e-24  2.17023e-03
6.499703075e-01  2.1702270e-03  1.86946e-04  1.00000e+00  2.17023e-03 -0.00000e+00 -4.51318e-24  2.17023e-03
6.716359844e-01  2.1702270e-03  2.18119e-04  1.00000e+00  2.17023e-03 -0.00000e+00 -3.13819e-23  2.17023e-03
6.940238505e-01  2.1702270e-03  1.58632e-04  1.00000e+00  2.17023e-03 -0.00000e+00 -8.39897e-23  2.17023e-03
7.171579789e-01  2.1702270e-03  1.91439e-04  1.00000e+00  2.17023e-03 -0.00000e+00 -5.59764e-22  2.17023e-03
7.410632448e-01  2.1702270e-03  1.14295e-04  1.00000e+00  2.17023e-03 -0.00000e+00 -9.09733e-22  2.17023e-03
7.657653530e-01  2.1702270e-03  1.23203e-04  1.00000e+00  2.17023e-03 -0.00000e+00 -4.41609e-21  2.17023e-03
7.912908648e-01  2.1702270e-03  1.15123e-04  1.00000e+00  2.17023e-03 -0.00000e+00 -1.54237e-20  2.17023e-03
8.176672269e-01  2.1702270e-03  1.00817e-04  1.00000e+00  2.17023e-03 -0.00000e+00 -4.51869e-20  2.17023e-03
8.449228011e-01  2.1702270e-03  1.05088e-04  1.00000e+00  2.17023e-03 -0.00000e+00 -1.78018e-19  2.17023e-03
8.730868945e-01  2.1702270e-03  9.44173e-05  1.00000e+00  2.17023e-03 -0.00000e+00 -5.00496e-19  2.17023e-03
9.021897910e-01  2.1702270e-03  9.60706e-05  1.00000e+00  2.17023e-03 -0.00000e+00 -1.72188e-18  2.17023e-03
9.322627840e-01  2.1702270e-03  8.85176e-05  1.00000e+00  2.17023e-03 -0.00000e+00 -4.67004e-18  2.17023e-03
9.633382102e-01  2.1702270e-03  8.64536e-05  1.00000e+00  2.17023e-03 -0.00000e+00 -1.36448e-17  2.17023e-03
9.954494838e-01  2.1702270e-03  8.54310e-05  1.00000e+00  2.17023e-03 -0.00000e+00 -3.92283e-17  2.17023e-03
1.028631133e+00  2.1702270e-03  8.21188e-05  1.00000e+00  2.17023e-03 -0.00000e+00 -1.02794e-16  2.17023e-03
1.062918838e+00  2.1702270e-03  7.97834e-05  1.00000e+00  2.17023e-03 -0.00000e+00 -2.65177e-16  2.17023e-03
1.098349466e+00  2.1702270e-03  8.04043e-05  1.00000e+00  2.17023e-03 -0.00000e+00 -7.09784e-16  2.17023e-03
1.134961115e+00  2.1702270e-03  8.17027e-05  1.00000e+00  2.17023e-03 -0.00000e+00 -1.86581e-15  2.17023e-03
1.172793152e+00  2.1702270e-03  8.09264e-05  1.00000e+00  2.17023e-03 -0.00000e+00 -4.50973e-15  2.17023e-03
1.211886257e+00  2.1702270e-03  7.89668e-05  1.00000e+00  2.17023e-03 -0.00000e+00 -1.02460e-14  2.17023e-03
1.252282465e+00  2.1702270e-03  7.72863e-05  1.00000e+00  2.17023e-03 -0.00000e+00 -2.26973e-14  2.17023e-03
1.294025214e+00  2.1702270e-03  7.63373e-05  1.00000e+00  2.17023e-03 -0.00000e+00 -4.96768e-14  2.17023e-03
1.337159388e+00  2.1702270e-03  8.56201e-05  1.00000e+00  2.17023e-03 -0.00000e+00 -1.35817e-13  2.17023e-03
1.381731368e+00  2.1702270e-03  9.27689e-05  1.00000e+00  2.17023e-03 -0.00000e+00 -3.36976e-13  2.17023e-03
1.427789080e+00  2.1702270e-03  9.71135e-05  1.00000e+00  2.17023e-03 -0.00000e+00 -7.59900e-13  2.17023e-03
1.475382049e+00  2.1702270e-03  9.64800e-05  1.00000e+00  2.17023e-03 -0.00000e+00 -1.50519e-12  2.17023e-03
1.524561451e+00  2.1702270e-03  9.33877e-05  1.00000e+00  2.17023e-03 -0.00000e+00 -2.76048e-12  2.17023e-03
1.575380166e+00  2.1702270e-03  8.96040e-05  1.00000e+00  2.17023e-03 -0.00000e+00 -4.85340e-12  2.17023e-03
1.627892838e+00  2.1702270e-03  8.53180e-05  1.00000e+00  2.17023e-03 -0.00000e+00 -8.20482e-12  2.17023e-03
1.682155933e+00  2.1702270e-03  8.23694e-05  1.00000e+00  2.17023e-03 -0.00000e+00 -1.39270e-11  2.17023e-03
1.738227797e+00  2.1702270e-03  9.04220e-05  1.00000e+00  2.17023e-03 -0.00000e+00 -2.97990e-11  2.17023e-03
1.796168724e+00  2.1702269e-03  1.00401e-04  1.00000e+00  2.17023e-03 -0.00000e+00 -6.37793e-11  2.17023e-03
1.856041014e+00  2.1702269e-03  1.05185e-04  1.00000e+00  2.17023e-03 -0.00000e+00 -1.19157e-10  2.17023e-03
1.917909048e+00  2.1702268e-03  1.03574e-04  1.00000e+00  2.17023e-03 -0.00000e+00 -1.93075e-10  2.17023e-03
1.981839350e+00  2.1702267e-03  1.04804e-04  1.00000e+00  2.17023e-03 -0.00000e+00 -3.23632e-10  2.17023e-03
2.047900661e+00  2.1702265e-03  1.05516e-04  1.00000e+00  2.17023e-03 -0.00000e+00 -5.26956e-10  2.17023e-03
2.116164017e+00  2.1702262e-03  1.02437e-04  1.00000e+00  2.17023e-03 -0.00000e+00 -7.84138e-10  2.17023e-03
2.186702817e+00  2.1702259e-03  9.80179e-05  1.00000e+00  2.17023e-03 -0.00000e+00 -1.11386e-09  2.17023e-03
2.259592911e+00  2.1702254e-03  9.46389e-05  1.00000e+00  2.17023e-03 -0.00000e+00 -1.58282e-09  2.17023e-03
2.334912675e+00  2.1702244e-03  9.90018e-05  1.00000e+00  2.17022e-03 -0.00000e+00 -2.59063e-09  2.17023e-03
2.412743097e+00  2.1702223e-03  1.09630e-04  1.00000e+00  2.17022e-03 -0.00000e+00 -4.66532e-09  2.17023e-03
2.493167867e+00  2.1702185e-03  1.22819e-04  1.00000e+00  2.17022e-03 -0.00000e+00 -8.45508e-09  2.17023e-03
2.576273463e+00  2.1702140e-03  1.27592e-04  1.00000e+00  2.17021e-03 -0.00000e+00 -1.30140e-08  2.17023e-03
2.662149245e+00  2.1702090e-03  1.26263e-04  1.00000e+00  2.17021e-03 -0.00000e+00 -1.79517e-08  2.17023e-03
2.750887553e+00  2.1701996e-03  1.32592e-04  1.00000e+00  2.17020e-03 -0.00000e+00 -2.74126e-08  2.17023e-03
2.842583805e+00  2.1701874e-03  1.36362e-04  1.00000e+00  2.17019e-03 -0.00000e+00 -3.96360e-08  2.17023e-03
2.937336599e+00  2.1701719e-03  1.38433e-04  1.00000e+00  2.17017e-03 -0.00000e+00 -5.51407e-08  2.17023e-03
3.035247818e+00  2.1701522e-03  1.39673e-04  1.00000e+00  2.17015e-03 -0.00000e+00 -7.48265e-08  2.17023e-03
3.136422746e+00  2.1701291e-03  1.39210e-04  1.00000e+00  2.17013e-03 -0.00000e+00 -9.79264e-08  2.17023e-03
3.240970171e+00  2.1701022e-03  1.37705e-04  1.00000e+00  2.17010e-03 -0.00000e+00 -1.24775e-07  2.17023e-03
3.349002510e+00  2.1700705e-03  1.35931e-04  1.00000e+00  2.17007e-03 -0.00000e+00 -1.56498e-07  2.17023e-03
3.460635927e+00  2.1700313e-03  1.34759e-04  1.00000e+00  2.17003e-03 -0.00000e+00 -1.95715e-07  2.17023e-03
3.575990457e+00  2.1699829e-03  1.34158e-04  1.00000e+00  2.16998e-03 -0.00000e+00 -2.44081e-07  2.17023e-03
3.695190139e+00  2.1699257e-03  1.33575e-04  1.00000e+00  2.16993e-03 -0.00000e+00 -3.01265e-07  2.17023e-03
3.818363144e+00  2.1698598e-03  1.32842e-04  1.00000e+00  2.16986e-03 -0.00000e+00 -3.67238e-07  2.17023e-03
3.945641916e+00  2.1697639e-03  1.35114e-04  1.00000e+00  2.16976e-03 -0.00000e+00 -4.63074e-07  2.17023e-03
4.077163313e+00  2.1696089e-03  1.42239e-04  1.00000e+00  2.16961e-03 -0.00000e+00 -6.18135e-07  2.17023e-03
4.213068756e+00  2.1694259e-03  1.48337e-04  1.00000e+00  2.16943e-03 -0.00000e+00 -8.01069e-07  2.17023e-03
4.353504382e+00  2.1692012e-03  1.54509e-04  1.00000e+00  2.16920e-03 -0.00000e+00 -1.02577e-06  2.17023e-03
4.498621194e+00  2.1689206e-03  1.61272e-04  1.00000e+00  2.16892e-03 -0.00000e+00 -1.30637e-06  2.17023e-03
4.648575234e+00  2.1686063e-03  1.66836e-04  1.00000e+00  2.16861e-03 -0.00000e+00 -1.62068e-06  2.17023e-03
4.803527742e+00  2.1682182e-03  1.73323e-04  1.00000e+00  2.16822e-03 -0.00000e+00 -2.00882e-06  2.17023e-03
4.963645333e+00  2.1677436e-03  1.80656e-04  1.00000e+00  2.16774e-03 -0.00000e+00 -2.48338e-06  2.17023e-03
5.129100178e+00  2.1671785e-03  1.88471e-04  1.00000e+00  2.16718e-03 -0.00000e+00 -3.04852e-06  2.17023e-03
5.300070184e+00  2.1665521e-03  1.95610e-04  1.00000e+00  2.16655e-03 -0.00000e+00 -3.67492e-06  2.17023e-03
5.476739190e+00  2.1658170e-03  2.03442e-04  1.00000e+00  2.16582e-03 -0.00000e+00 -4.41002e-06  2.17023e-03
5.659297163e+00  2.1650767e-03  2.09381e-04  1.00000e+00  2.16508e-03 -0.00000e+00 -5.15031e-06  2.17023e-03
5.847940402e+00  2.1642881e-03  2.14893e-04  1.00000e+00  2.16429e-03 -0.00000e+00 -5.93888e-06  2.17023e-03
6.042871748e+00  2.1635428e-03  2.18473e-04  1.00000e+00  2.16354e-03 -0.00000e+00 -6.68420e-06  2.17023e-03
6.244300807e+00  2.1627337e-03  2.22493e-04  1.00000e+00  2.16273e-03 -0.00000e+00 -7.49328e-06  2.17023e-03
6.452444167e+00  2.1610908e-03  2.38803e-04  1.00000e+00  2.16109e-03 -0.00000e+00 -9.13622e-06  2.17023e-03
6.667525639e+00  2.1588342e-03  2.61245e-04  1.00000e+00  2.15883e-03 -0.00000e+00 -1.13928e-05  2.17023e-03
6.889776494e+00  2.1574119e-03  2.70234e-04  1.00000e+00  2.15741e-03 -0.00000e+00 -1.28151e-05  2.17023e-03
7.119435710e+00  2.1559439e-03  2.79179e-04  1.00000e+00  2.15594e-03 -0.00000e+00 -1.42831e-05  2.17023e-03
7.356750234e+00  2.1543934e-03  2.88690e-04  1.00000e+00  2.15439e-03 -0.00000e+00 -1.58336e-05  2.17023e-03
7.601975242e+00  2.1525481e-03  3.01188e-04  1.00000e+00  2.15255e-03 -0.00000e+00 -1.76789e-05  2.17023e-03
