# ------------------------------------------------------------------------
# Radiance spectrum
# NASA-GSFC Planetary Spectrum Generator (PSG) (Villanueva et al. 2018, 2022)
# Synthesized on Mon Mar 20 10:25:22 2023
# Doppler velocities [km/s] (vobs,vrot+vorb,vwidth,vrfl,vstr): 47.93000,0.08000,0.15000,-0.00000,-0.00000
# Spectral unit: Wavelength [um]
# Radiance unit: Contrast [radiance ratio w.r.t. parent star]
# Wave/freq Total Noise Stellar Object Reflected Thermal Transit
5.000000000e-01  2.0441508e-04  6.10179e-05  1.00000e+00  2.04415e-04 -9.29413e-10 -1.19558e-09  2.04417e-04
5.166666667e-01  2.0441445e-04  5.82885e-05  1.00000e+00  2.04414e-04 -8.82158e-10 -1.86409e-09  2.04417e-04
5.338888889e-01  2.0441408e-04  4.19529e-05  1.00000e+00  2.04414e-04 -1.36791e-09 -1.75662e-09  2.04417e-04
5.516851852e-01  2.0441288e-04  4.42591e-05  1.00000e+00  2.04413e-04 -1.06800e-09 -3.24760e-09  2.04417e-04
5.700746914e-01  2.0441131e-04  4.21740e-05  1.00000e+00  2.04411e-04 -1.01432e-09 -4.87755e-09  2.04417e-04
5.890771811e-01  2.0440747e-04  4.52758e-05  1.00000e+00  2.04407e-04 -7.79049e-10 -8.95485e-09  2.04417e-04
6.087130871e-01  2.0440728e-04  3.51190e-05  1.00000e+00  2.04407e-04 -1.10334e-09 -8.81708e-09  2.04417e-04
6.290035233e-01  2.0439949e-04  3.92943e-05  1.00000e+00  2.04399e-04 -7.93519e-10 -1.69124e-08  2.04417e-04
6.499703075e-01  2.0439981e-04  3.07762e-05  1.00000e+00  2.04400e-04 -1.12688e-09 -1.62582e-08  2.04417e-04
6.716359844e-01  2.0438370e-04  3.59259e-05  1.00000e+00  2.04384e-04 -7.56273e-10 -3.27393e-08  2.04417e-04
6.940238505e-01  2.0438934e-04  2.62944e-05  1.00000e+00  2.04389e-04 -1.24491e-09 -2.66164e-08  2.04417e-04
7.171579789e-01  2.0436050e-04  3.18513e-05  1.00000e+00  2.04360e-04 -7.85497e-10 -5.59182e-08  2.04417e-04
7.410632448e-01  2.0438559e-04  1.90926e-05  1.00000e+00  2.04386e-04 -1.94453e-09 -2.96685e-08  2.04417e-04
7.657653530e-01  2.0436726e-04  2.05590e-05  1.00000e+00  2.04367e-04 -1.55216e-09 -4.83846e-08  2.04417e-04
7.912908648e-01  2.0435591e-04  1.93370e-05  1.00000e+00  2.04356e-04 -1.62438e-09 -5.96670e-08  2.04417e-04
8.176672269e-01  2.0435211e-04  1.69465e-05  1.00000e+00  2.04352e-04 -1.96494e-09 -6.31258e-08  2.04417e-04
8.449228011e-01  2.0432229e-04  1.77141e-05  1.00000e+00  2.04322e-04 -1.68908e-09 -9.32190e-08  2.04417e-04
8.730868945e-01  2.0431404e-04  1.59445e-05  1.00000e+00  2.04314e-04 -1.95951e-09 -1.01199e-07  2.04417e-04
9.021897910e-01  2.0427615e-04  1.62892e-05  1.00000e+00  2.04276e-04 -1.77957e-09 -1.39269e-07  2.04417e-04
9.322627840e-01  2.0426048e-04  1.50238e-05  1.00000e+00  2.04260e-04 -1.98704e-09 -1.54732e-07  2.04417e-04
9.633382102e-01  2.0422413e-04  1.47065e-05  1.00000e+00  2.04224e-04 -1.98166e-09 -1.91093e-07  2.04417e-04
9.954494838e-01  2.0417656e-04  1.45624e-05  1.00000e+00  2.04177e-04 -1.94026e-09 -2.38704e-07  2.04417e-04
1.028631133e+00  2.0413601e-04  1.40256e-05  1.00000e+00  2.04136e-04 -2.01526e-09 -2.79179e-07  2.04417e-04
1.062918838e+00  2.0408527e-04  1.36519e-05  1.00000e+00  2.04085e-04 -2.05822e-09 -3.29876e-07  2.04417e-04
1.098349466e+00  2.0400061e-04  1.37807e-05  1.00000e+00  2.04001e-04 -1.96350e-09 -4.14630e-07  2.04417e-04
1.134961115e+00  2.0389050e-04  1.40306e-05  1.00000e+00  2.03891e-04 -1.84843e-09 -5.24847e-07  2.04417e-04
1.172793152e+00  2.0379001e-04  1.39225e-05  1.00000e+00  2.03790e-04 -1.83754e-09 -6.25350e-07  2.04417e-04
1.211886257e+00  2.0369898e-04  1.36071e-05  1.00000e+00  2.03699e-04 -1.88896e-09 -7.16326e-07  2.04417e-04
1.252282465e+00  2.0359739e-04  1.33376e-05  1.00000e+00  2.03597e-04 -1.93708e-09 -8.17873e-07  2.04417e-04
1.294025214e+00  2.0347345e-04  1.31875e-05  1.00000e+00  2.03473e-04 -1.95874e-09 -9.41789e-07  2.04417e-04
1.337159388e+00  2.0303181e-04  1.48102e-05  1.00000e+00  2.03032e-04 -1.54385e-09 -1.38384e-06  2.04417e-04
1.381731368e+00  2.0252990e-04  1.60811e-05  1.00000e+00  2.02530e-04 -1.30512e-09 -1.88600e-06  2.04417e-04
1.427789080e+00  2.0203899e-04  1.68518e-05  1.00000e+00  2.02039e-04 -1.18701e-09 -2.37703e-06  2.04417e-04
1.475382049e+00  2.0173348e-04  1.67620e-05  1.00000e+00  2.01733e-04 -1.19979e-09 -2.68252e-06  2.04417e-04
1.524561451e+00  2.0155849e-04  1.62523e-05  1.00000e+00  2.01558e-04 -1.27868e-09 -2.85744e-06  2.04417e-04
1.575380166e+00  2.0144895e-04  1.56117e-05  1.00000e+00  2.01449e-04 -1.39161e-09 -2.96686e-06  2.04417e-04
1.627892838e+00  2.0140130e-04  1.48850e-05  1.00000e+00  2.01401e-04 -1.54079e-09 -3.01436e-06  2.04417e-04
1.682155933e+00  2.0129346e-04  1.43796e-05  1.00000e+00  2.01293e-04 -1.66620e-09 -3.12208e-06  2.04417e-04
1.738227797e+00  2.0027948e-04  1.57846e-05  1.00000e+00  2.00279e-04 -1.40267e-09 -4.13632e-06  2.04417e-04
1.796168724e+00  1.9883087e-04  1.75537e-05  1.00000e+00  1.98831e-04 -1.15385e-09 -5.58518e-06  2.04417e-04
1.856041014e+00  1.9772959e-04  1.84234e-05  1.00000e+00  1.97730e-04 -1.06630e-09 -6.68654e-06  2.04417e-04
1.917909048e+00  1.9738165e-04  1.81597e-05  1.00000e+00  1.97382e-04 -1.11706e-09 -7.03443e-06  2.04417e-04
1.981839350e+00  1.9665751e-04  1.83873e-05  1.00000e+00  1.96658e-04 -1.11207e-09 -7.75858e-06  2.04417e-04
2.047900661e+00  1.9598620e-04  1.85269e-05  1.00000e+00  1.95986e-04 -1.11980e-09 -8.42988e-06  2.04417e-04
2.116164017e+00  1.9593219e-04  1.80016e-05  1.00000e+00  1.95932e-04 -1.21312e-09 -8.48379e-06  2.04417e-04
2.186702817e+00  1.9615903e-04  1.72405e-05  1.00000e+00  1.96159e-04 -1.35442e-09 -8.25681e-06  2.04417e-04
2.259592911e+00  1.9627917e-04  1.66577e-05  1.00000e+00  1.96279e-04 -1.48863e-09 -8.13654e-06  2.04417e-04
2.334912675e+00  1.9508131e-04  1.74261e-05  1.00000e+00  1.95081e-04 -1.40097e-09 -9.33449e-06  2.04417e-04
2.412743097e+00  1.9247490e-04  1.93143e-05  1.00000e+00  1.92475e-04 -1.17883e-09 -1.19411e-05  2.04417e-04
2.493167867e+00  1.8886302e-04  2.16612e-05  1.00000e+00  1.88863e-04 -9.71367e-10 -1.55532e-05  2.04417e-04
2.576273463e+00  1.8703251e-04  2.25180e-05  1.00000e+00  1.87033e-04 -9.30124e-10 -1.73838e-05  2.04417e-04
2.662149245e+00  1.8681715e-04  2.22969e-05  1.00000e+00  1.86817e-04 -9.80607e-10 -1.75991e-05  2.04417e-04
2.750887553e+00  1.8448496e-04  2.34314e-05  1.00000e+00  1.84485e-04 -9.21744e-10 -1.99313e-05  2.04417e-04
2.842583805e+00  1.8285186e-04  2.40999e-05  1.00000e+00  1.82852e-04 -9.04637e-10 -2.15644e-05  2.04417e-04
2.937336599e+00  1.8168820e-04  2.45010e-05  1.00000e+00  1.81688e-04 -9.09204e-10 -2.27281e-05  2.04417e-04
3.035247818e+00  1.8089205e-04  2.47210e-05  1.00000e+00  1.80892e-04 -9.28338e-10 -2.35242e-05  2.04417e-04
3.136422746e+00  1.8068592e-04  2.46564e-05  1.00000e+00  1.80686e-04 -9.70376e-10 -2.37303e-05  2.04417e-04
3.240970171e+00  1.8090887e-04  2.44026e-05  1.00000e+00  1.80909e-04 -1.03068e-09 -2.35073e-05  2.04417e-04
3.349002510e+00  1.8130079e-04  2.40976e-05  1.00000e+00  1.81301e-04 -1.10055e-09 -2.31153e-05  2.04417e-04
3.460635927e+00  1.8155832e-04  2.39009e-05  1.00000e+00  1.81558e-04 -1.16626e-09 -2.28577e-05  2.04417e-04
3.575990457e+00  1.8170125e-04  2.38001e-05  1.00000e+00  1.81701e-04 -1.22746e-09 -2.27147e-05  2.04417e-04
3.695190139e+00  1.8188235e-04  2.37113e-05  1.00000e+00  1.81882e-04 -1.29175e-09 -2.25336e-05  2.04417e-04
3.818363144e+00  1.8218607e-04  2.35864e-05  1.00000e+00  1.82186e-04 -1.36457e-09 -2.22298e-05  2.04417e-04
3.945641916e+00  1.8155844e-04  2.39974e-05  1.00000e+00  1.81558e-04 -1.38070e-09 -2.28574e-05  2.04417e-04
4.077163313e+00  1.7937455e-04  2.52629e-05  1.00000e+00  1.79375e-04 -1.30905e-09 -2.50413e-05  2.04417e-04
4.213068756e+00  1.7755563e-04  2.63668e-05  1.00000e+00  1.77556e-04 -1.26566e-09 -2.68603e-05  2.04417e-04
4.353504382e+00  1.7577028e-04  2.74778e-05  1.00000e+00  1.75770e-04 -1.22896e-09 -2.86457e-05  2.04417e-04
4.498621194e+00  1.7382567e-04  2.86987e-05  1.00000e+00  1.73826e-04 -1.19004e-09 -3.05903e-05  2.04417e-04
4.648575234e+00  1.7242212e-04  2.96923e-05  1.00000e+00  1.72422e-04 -1.17499e-09 -3.19939e-05  2.04417e-04
4.803527742e+00  1.7072639e-04  3.08755e-05  1.00000e+00  1.70726e-04 -1.15078e-09 -3.36897e-05  2.04417e-04
4.963645333e+00  1.6888125e-04  3.21837e-05  1.00000e+00  1.68881e-04 -1.12378e-09 -3.55348e-05  2.04417e-04
5.129100178e+00  1.6691047e-04  3.36128e-05  1.00000e+00  1.66910e-04 -1.09537e-09 -3.75056e-05  2.04417e-04
5.300070184e+00  1.6540208e-04  3.48861e-05  1.00000e+00  1.65402e-04 -1.08209e-09 -3.90140e-05  2.04417e-04
5.476739190e+00  1.6373658e-04  3.63124e-05  1.00000e+00  1.63737e-04 -1.06525e-09 -4.06796e-05  2.04417e-04
5.659297163e+00  1.6292743e-04  3.73973e-05  1.00000e+00  1.62927e-04 -1.07100e-09 -4.14887e-05  2.04417e-04
5.847940402e+00  1.6243842e-04  3.83988e-05  1.00000e+00  1.62438e-04 -1.08431e-09 -4.19777e-05  2.04417e-04
6.042871748e+00  1.6275428e-04  3.90539e-05  1.00000e+00  1.62754e-04 -1.11806e-09 -4.16618e-05  2.04417e-04
6.244300807e+00  1.6301849e-04  3.97968e-05  1.00000e+00  1.63018e-04 -1.15043e-09 -4.13976e-05  2.04417e-04
6.452444167e+00  1.5949657e-04  4.27388e-05  1.00000e+00  1.59497e-04 -1.08305e-09 -4.49196e-05  2.04417e-04
6.667525639e+00  1.5432715e-04  4.67977e-05  1.00000e+00  1.54327e-04 -9.91340e-10 -5.00891e-05  2.04417e-04
6.889776494e+00  1.5381530e-04  4.84328e-05  1.00000e+00  1.53815e-04 -1.00077e-09 -5.06009e-05  2.04417e-04
7.119435710e+00  1.5356112e-04  5.00548e-05  1.00000e+00  1.53561e-04 -1.01473e-09 -5.08551e-05  2.04417e-04
7.356750234e+00  1.5334301e-04  5.17984e-05  1.00000e+00  1.53343e-04 -1.02888e-09 -5.10732e-05  2.04417e-04
7.601975242e+00  1.5259032e-04  5.40572e-05  1.00000e+00  1.52590e-04 -1.03174e-09 -5.18258e-05  2.04417e-04
