# ------------------------------------------------------------------------
# Radiance spectrum
# NASA-GSFC Planetary Spectrum Generator (PSG) (Villanueva et al. 2018, 2022)
# Synthesized on Fri Jun  9 07:44:57 2023
# Doppler velocities [km/s] (vobs,vrot+vorb,vwidth,vrfl,vstr): 0.00000,-0.00000,0.54000,0.00000,0.00000
# ------------------------------------------------------------------------
# Spectra synthesized with the Planetary and Universal Model of Atmospheric Scattering (PUMAS, Villanueva et al. 2018, 2022)
# Single scattering radiative transfer method
# ------------------------------------------------------------------------
# Spectral unit: Wavelength [um]
# Radiance unit: Contrast [radiance ratio w.r.t. parent star]
# Wave/freq Total Noise Stellar GJ-1214-b Transit
5.000000000e-01  1.3184503e-02  5.32131e-04  1.00000e+00  1.31845e-02  1.31845e-02
5.166666667e-01  1.3181437e-02  4.93874e-04  1.00000e+00  1.31814e-02  1.31814e-02
5.338888889e-01  1.3179366e-02  3.39588e-04  1.00000e+00  1.31794e-02  1.31794e-02
5.516851852e-01  1.3176547e-02  3.53302e-04  1.00000e+00  1.31765e-02  1.31765e-02
5.700746914e-01  1.3178403e-02  3.27781e-04  1.00000e+00  1.31784e-02  1.31784e-02
5.890771811e-01  1.3176937e-02  3.47763e-04  1.00000e+00  1.31769e-02  1.31769e-02
6.087130871e-01  1.3169648e-02  2.61955e-04  1.00000e+00  1.31696e-02  1.31696e-02
6.290035233e-01  1.3173203e-02  2.88216e-04  1.00000e+00  1.31732e-02  1.31732e-02
6.499703075e-01  1.3167624e-02  2.20930e-04  1.00000e+00  1.31676e-02  1.31676e-02
6.716359844e-01  1.3161871e-02  2.55376e-04  1.00000e+00  1.31619e-02  1.31619e-02
6.940238505e-01  1.3167089e-02  1.82575e-04  1.00000e+00  1.31671e-02  1.31671e-02
7.171579789e-01  1.3173658e-02  2.18394e-04  1.00000e+00  1.31737e-02  1.31737e-02
7.410632448e-01  1.3162242e-02  1.28337e-04  1.00000e+00  1.31622e-02  1.31622e-02
7.657653530e-01  1.3174263e-02  1.36980e-04  1.00000e+00  1.31743e-02  1.31743e-02
7.912908648e-01  1.3157960e-02  1.26684e-04  1.00000e+00  1.31580e-02  1.31580e-02
8.176672269e-01  1.3167614e-02  1.09826e-04  1.00000e+00  1.31676e-02  1.31676e-02
8.449228011e-01  1.3154234e-02  1.13446e-04  1.00000e+00  1.31542e-02  1.31542e-02
8.730868945e-01  1.3146671e-02  1.00908e-04  1.00000e+00  1.31467e-02  1.31467e-02
9.021897910e-01  1.3169538e-02  1.02010e-04  1.00000e+00  1.31695e-02  1.31695e-02
9.322627840e-01  1.3192807e-02  9.30894e-05  1.00000e+00  1.31928e-02  1.31928e-02
9.633382102e-01  1.3183025e-02  9.02092e-05  1.00000e+00  1.31830e-02  1.31830e-02
9.954494838e-01  1.3152785e-02  8.84656e-05  1.00000e+00  1.31528e-02  1.31528e-02
1.028631133e+00  1.3156073e-02  8.44107e-05  1.00000e+00  1.31561e-02  1.31561e-02
1.062918838e+00  1.3165452e-02  8.14313e-05  1.00000e+00  1.31655e-02  1.31655e-02
1.098349466e+00  1.3176538e-02  8.15098e-05  1.00000e+00  1.31765e-02  1.31765e-02
1.134961115e+00  1.3190252e-02  8.22868e-05  1.00000e+00  1.31903e-02  1.31903e-02
1.172793152e+00  1.3174340e-02  8.09946e-05  1.00000e+00  1.31743e-02  1.31743e-02
1.211886257e+00  1.3161969e-02  7.85572e-05  1.00000e+00  1.31620e-02  1.31620e-02
1.252282465e+00  1.3172234e-02  7.64395e-05  1.00000e+00  1.31722e-02  1.31722e-02
1.294025214e+00  1.3170501e-02  7.50808e-05  1.00000e+00  1.31705e-02  1.31705e-02
1.337159388e+00  1.3208086e-02  8.37585e-05  1.00000e+00  1.32081e-02  1.32081e-02
1.381731368e+00  1.3226130e-02  9.02824e-05  1.00000e+00  1.32261e-02  1.32261e-02
1.427789080e+00  1.3218859e-02  9.40413e-05  1.00000e+00  1.32189e-02  1.32189e-02
1.475382049e+00  1.3197292e-02  9.29843e-05  1.00000e+00  1.31973e-02  1.31973e-02
1.524561451e+00  1.3165615e-02  8.95959e-05  1.00000e+00  1.31656e-02  1.31656e-02
1.575380166e+00  1.3145268e-02  8.55923e-05  1.00000e+00  1.31453e-02  1.31453e-02
1.627892838e+00  1.3138931e-02  8.11587e-05  1.00000e+00  1.31389e-02  1.31389e-02
1.682155933e+00  1.3148902e-02  7.80400e-05  1.00000e+00  1.31489e-02  1.31489e-02
1.738227797e+00  1.3170689e-02  8.53309e-05  1.00000e+00  1.31707e-02  1.31707e-02
1.796168724e+00  1.3206412e-02  9.43842e-05  1.00000e+00  1.32064e-02  1.32064e-02
1.856041014e+00  1.3220273e-02  9.85214e-05  1.00000e+00  1.32203e-02  1.32203e-02
1.917909048e+00  1.3215184e-02  9.66823e-05  1.00000e+00  1.32152e-02  1.32152e-02
1.981839350e+00  1.3195068e-02  9.75088e-05  1.00000e+00  1.31951e-02  1.31951e-02
2.047900661e+00  1.3180589e-02  9.78610e-05  1.00000e+00  1.31806e-02  1.31806e-02
2.116164017e+00  1.3150718e-02  9.47250e-05  1.00000e+00  1.31507e-02  1.31510e-02
2.186702817e+00  1.3147044e-02  9.03835e-05  1.00000e+00  1.31470e-02  1.31473e-02
2.259592911e+00  1.3149871e-02  8.70353e-05  1.00000e+00  1.31499e-02  1.31502e-02
2.334912675e+00  1.3167347e-02  9.07508e-05  1.00000e+00  1.31673e-02  1.31675e-02
2.412743097e+00  1.3184669e-02  1.00230e-04  1.00000e+00  1.31847e-02  1.31849e-02
2.493167867e+00  1.3215945e-02  1.12014e-04  1.00000e+00  1.32159e-02  1.32164e-02
2.576273463e+00  1.3235678e-02  1.16077e-04  1.00000e+00  1.32357e-02  1.32364e-02
2.662149245e+00  1.3247115e-02  1.14612e-04  1.00000e+00  1.32471e-02  1.32480e-02
2.750887553e+00  1.3245537e-02  1.20076e-04  1.00000e+00  1.32455e-02  1.32468e-02
2.842583805e+00  1.3232950e-02  1.23220e-04  1.00000e+00  1.32330e-02  1.32347e-02
2.937336599e+00  1.3214874e-02  1.24835e-04  1.00000e+00  1.32149e-02  1.32172e-02
3.035247818e+00  1.3201829e-02  1.25707e-04  1.00000e+00  1.32018e-02  1.32048e-02
3.136422746e+00  1.3187710e-02  1.25062e-04  1.00000e+00  1.31877e-02  1.31914e-02
3.240970171e+00  1.3186658e-02  1.23498e-04  1.00000e+00  1.31867e-02  1.31912e-02
3.349002510e+00  1.3184841e-02  1.21707e-04  1.00000e+00  1.31848e-02  1.31903e-02
3.460635927e+00  1.3166987e-02  1.20468e-04  1.00000e+00  1.31670e-02  1.31738e-02
3.575990457e+00  1.3147936e-02  1.19747e-04  1.00000e+00  1.31479e-02  1.31586e-02
3.695190139e+00  1.3142976e-02  1.19051e-04  1.00000e+00  1.31430e-02  1.31565e-02
3.818363144e+00  1.3140267e-02  1.18232e-04  1.00000e+00  1.31403e-02  1.31552e-02
3.945641916e+00  1.3130582e-02  1.20080e-04  1.00000e+00  1.31306e-02  1.31502e-02
4.077163313e+00  1.3132338e-02  1.26211e-04  1.00000e+00  1.31323e-02  1.31533e-02
4.213068756e+00  1.3254292e-02  1.31395e-04  1.00000e+00  1.32543e-02  1.32752e-02
4.353504382e+00  1.3261635e-02  1.36632e-04  1.00000e+00  1.32616e-02  1.32873e-02
4.498621194e+00  1.3185512e-02  1.42375e-04  1.00000e+00  1.31855e-02  1.32171e-02
4.648575234e+00  1.3152767e-02  1.47048e-04  1.00000e+00  1.31528e-02  1.31907e-02
4.803527742e+00  1.3150922e-02  1.52507e-04  1.00000e+00  1.31509e-02  1.31965e-02
4.963645333e+00  1.3145849e-02  1.58681e-04  1.00000e+00  1.31458e-02  1.32005e-02
5.129100178e+00  1.3142191e-02  1.65251e-04  1.00000e+00  1.31422e-02  1.32072e-02
5.300070184e+00  1.3138256e-02  1.71212e-04  1.00000e+00  1.31383e-02  1.32144e-02
5.476739190e+00  1.3134727e-02  1.77752e-04  1.00000e+00  1.31347e-02  1.32236e-02
5.659297163e+00  1.3130199e-02  1.82646e-04  1.00000e+00  1.31302e-02  1.32312e-02
5.847940402e+00  1.3120471e-02  1.87171e-04  1.00000e+00  1.31205e-02  1.32340e-02
6.042871748e+00  1.3102582e-02  1.90040e-04  1.00000e+00  1.31026e-02  1.32272e-02
6.244300807e+00  1.3080029e-02  1.93328e-04  1.00000e+00  1.30800e-02  1.32164e-02
6.452444167e+00  1.3074722e-02  2.07036e-04  1.00000e+00  1.30747e-02  1.32370e-02
6.667525639e+00  1.3039547e-02  2.25964e-04  1.00000e+00  1.30395e-02  1.32374e-02
6.889776494e+00  1.3013470e-02  2.33477e-04  1.00000e+00  1.30135e-02  1.32313e-02
7.119435710e+00  1.2990665e-02  2.40993e-04  1.00000e+00  1.29907e-02  1.32284e-02
7.356750234e+00  1.2968406e-02  2.49043e-04  1.00000e+00  1.29684e-02  1.32266e-02
7.601975242e+00  1.2935501e-02  2.59697e-04  1.00000e+00  1.29355e-02  1.32182e-02
