# ------------------------------------------------------------------------
# Radiance spectrum
# NASA-GSFC Planetary Spectrum Generator (PSG) (Villanueva et al. 2018, 2022)
# Synthesized on Thu Jun  8 11:57:28 2023
# Doppler velocities [km/s] (vobs,vrot+vorb,vwidth,vrfl,vstr): -5.43000,-0.00000,0.08000,-11.28777,0.00000
# ------------------------------------------------------------------------
# Spectra synthesized with the Planetary and Universal Model of Atmospheric Scattering (PUMAS, Villanueva et al. 2018, 2022)
# Single scattering radiative transfer method
# ------------------------------------------------------------------------
# Spectral unit: Wavelength [um]
# Radiance unit: Contrast [radiance ratio w.r.t. parent star]
# Wave/freq Total Noise Stellar L-TT-1445-Ab Transit
5.000000000e-01  1.9903154e-03  6.03123e-05  1.00000e+00  1.99032e-03  1.99032e-03
5.166666667e-01  1.9903120e-03  5.69927e-05  1.00000e+00  1.99031e-03  1.99031e-03
5.338888889e-01  1.9903503e-03  4.03359e-05  1.00000e+00  1.99035e-03  1.99035e-03
5.516851852e-01  1.9903870e-03  4.24274e-05  1.00000e+00  1.99039e-03  1.99039e-03
5.700746914e-01  1.9904046e-03  3.99266e-05  1.00000e+00  1.99040e-03  1.99040e-03
5.890771811e-01  1.9904225e-03  4.27766e-05  1.00000e+00  1.99042e-03  1.99042e-03
6.087130871e-01  1.9904410e-03  3.28006e-05  1.00000e+00  1.99044e-03  1.99044e-03
6.290035233e-01  1.9904600e-03  3.64001e-05  1.00000e+00  1.99046e-03  1.99046e-03
6.499703075e-01  1.9904962e-03  2.83098e-05  1.00000e+00  1.99050e-03  1.99050e-03
6.716359844e-01  1.9905370e-03  3.29736e-05  1.00000e+00  1.99054e-03  1.99054e-03
6.940238505e-01  1.9905785e-03  2.38862e-05  1.00000e+00  1.99058e-03  1.99058e-03
7.171579789e-01  1.9906180e-03  2.87793e-05  1.00000e+00  1.99062e-03  1.99062e-03
7.410632448e-01  1.9906582e-03  1.71174e-05  1.00000e+00  1.99066e-03  1.99066e-03
7.657653530e-01  1.9906990e-03  1.84142e-05  1.00000e+00  1.99070e-03  1.99070e-03
7.912908648e-01  1.9907406e-03  1.71687e-05  1.00000e+00  1.99074e-03  1.99074e-03
8.176672269e-01  1.9907829e-03  1.50024e-05  1.00000e+00  1.99078e-03  1.99078e-03
8.449228011e-01  1.9908258e-03  1.56086e-05  1.00000e+00  1.99083e-03  1.99083e-03
8.730868945e-01  1.9908633e-03  1.39961e-05  1.00000e+00  1.99086e-03  1.99086e-03
9.021897910e-01  1.9908946e-03  1.42160e-05  1.00000e+00  1.99089e-03  1.99089e-03
9.322627840e-01  1.9909264e-03  1.30749e-05  1.00000e+00  1.99093e-03  1.99093e-03
9.633382102e-01  1.9909590e-03  1.27487e-05  1.00000e+00  1.99096e-03  1.99096e-03
9.954494838e-01  1.9909921e-03  1.25778e-05  1.00000e+00  1.99099e-03  1.99099e-03
1.028631133e+00  1.9910262e-03  1.20713e-05  1.00000e+00  1.99103e-03  1.99103e-03
1.062918838e+00  1.9910580e-03  1.17105e-05  1.00000e+00  1.99106e-03  1.99106e-03
1.098349466e+00  1.9910622e-03  1.17850e-05  1.00000e+00  1.99106e-03  1.99106e-03
1.134961115e+00  1.9910669e-03  1.19590e-05  1.00000e+00  1.99107e-03  1.99107e-03
1.172793152e+00  1.9910718e-03  1.18298e-05  1.00000e+00  1.99107e-03  1.99107e-03
1.211886257e+00  1.9910916e-03  1.15286e-05  1.00000e+00  1.99109e-03  1.99109e-03
1.252282465e+00  1.9910823e-03  1.12695e-05  1.00000e+00  1.99108e-03  1.99108e-03
1.294025214e+00  1.9910888e-03  1.11182e-05  1.00000e+00  1.99109e-03  1.99109e-03
1.337159388e+00  1.9910640e-03  1.24567e-05  1.00000e+00  1.99106e-03  1.99106e-03
1.381731368e+00  1.9910320e-03  1.34826e-05  1.00000e+00  1.99103e-03  1.99103e-03
1.427789080e+00  1.9911055e-03  1.40996e-05  1.00000e+00  1.99111e-03  1.99111e-03
1.475382049e+00  1.9909731e-03  1.39937e-05  1.00000e+00  1.99097e-03  1.99097e-03
1.524561451e+00  1.9909459e-03  1.35321e-05  1.00000e+00  1.99095e-03  1.99095e-03
1.575380166e+00  1.9909274e-03  1.29717e-05  1.00000e+00  1.99093e-03  1.99093e-03
1.627892838e+00  1.9908289e-03  1.23403e-05  1.00000e+00  1.99083e-03  1.99083e-03
1.682155933e+00  1.9907230e-03  1.19037e-05  1.00000e+00  1.99072e-03  1.99072e-03
1.738227797e+00  1.9906406e-03  1.30571e-05  1.00000e+00  1.99064e-03  1.99064e-03
1.796168724e+00  1.9905531e-03  1.44873e-05  1.00000e+00  1.99055e-03  1.99055e-03
1.856041014e+00  1.9904695e-03  1.51664e-05  1.00000e+00  1.99047e-03  1.99047e-03
1.917909048e+00  1.9905177e-03  1.49233e-05  1.00000e+00  1.99052e-03  1.99052e-03
1.981839350e+00  1.9906635e-03  1.50903e-05  1.00000e+00  1.99066e-03  1.99066e-03
2.047900661e+00  1.9905393e-03  1.51827e-05  1.00000e+00  1.99054e-03  1.99054e-03
2.116164017e+00  1.9900524e-03  1.47303e-05  1.00000e+00  1.99005e-03  1.99005e-03
2.186702817e+00  1.9898108e-03  1.40863e-05  1.00000e+00  1.98981e-03  1.98981e-03
2.259592911e+00  1.9896308e-03  1.35928e-05  1.00000e+00  1.98963e-03  1.98963e-03
2.334912675e+00  1.9894194e-03  1.42116e-05  1.00000e+00  1.98942e-03  1.98942e-03
2.412743097e+00  1.9891822e-03  1.57291e-05  1.00000e+00  1.98918e-03  1.98918e-03
2.493167867e+00  1.9889268e-03  1.76125e-05  1.00000e+00  1.98893e-03  1.98893e-03
2.576273463e+00  1.9886155e-03  1.82878e-05  1.00000e+00  1.98862e-03  1.98862e-03
2.662149245e+00  1.9903517e-03  1.80888e-05  1.00000e+00  1.99035e-03  1.99037e-03
2.750887553e+00  1.9902802e-03  1.89870e-05  1.00000e+00  1.99028e-03  1.99030e-03
2.842583805e+00  1.9897406e-03  1.95183e-05  1.00000e+00  1.98974e-03  1.98977e-03
2.937336599e+00  1.9879143e-03  1.98064e-05  1.00000e+00  1.98791e-03  1.98795e-03
3.035247818e+00  1.9878292e-03  1.99757e-05  1.00000e+00  1.98783e-03  1.98788e-03
3.136422746e+00  1.9879365e-03  1.99019e-05  1.00000e+00  1.98794e-03  1.98802e-03
3.240970171e+00  1.9881003e-03  1.96794e-05  1.00000e+00  1.98810e-03  1.98821e-03
3.349002510e+00  1.9883601e-03  1.94191e-05  1.00000e+00  1.98836e-03  1.98849e-03
3.460635927e+00  1.9884367e-03  1.92451e-05  1.00000e+00  1.98844e-03  1.98859e-03
3.575990457e+00  1.9883808e-03  1.91530e-05  1.00000e+00  1.98838e-03  1.98857e-03
3.695190139e+00  1.9882978e-03  1.90638e-05  1.00000e+00  1.98830e-03  1.98853e-03
3.818363144e+00  1.9881987e-03  1.89535e-05  1.00000e+00  1.98820e-03  1.98847e-03
3.945641916e+00  1.9880067e-03  1.92720e-05  1.00000e+00  1.98801e-03  1.98834e-03
4.077163313e+00  1.9878418e-03  2.02824e-05  1.00000e+00  1.98784e-03  1.98830e-03
4.213068756e+00  1.9907815e-03  2.11458e-05  1.00000e+00  1.99078e-03  1.99177e-03
4.353504382e+00  1.9925708e-03  2.20193e-05  1.00000e+00  1.99257e-03  1.99387e-03
4.498621194e+00  1.9883952e-03  2.29766e-05  1.00000e+00  1.98840e-03  1.98967e-03
4.648575234e+00  1.9867233e-03  2.37628e-05  1.00000e+00  1.98672e-03  1.98806e-03
4.803527742e+00  1.9863068e-03  2.46799e-05  1.00000e+00  1.98631e-03  1.98801e-03
4.963645333e+00  1.9853266e-03  2.57167e-05  1.00000e+00  1.98533e-03  1.98728e-03
5.129100178e+00  1.9847161e-03  2.68215e-05  1.00000e+00  1.98472e-03  1.98725e-03
5.300070184e+00  1.9840037e-03  2.78292e-05  1.00000e+00  1.98400e-03  1.98725e-03
5.476739190e+00  1.9830149e-03  2.89344e-05  1.00000e+00  1.98301e-03  1.98707e-03
5.659297163e+00  1.9824635e-03  2.97699e-05  1.00000e+00  1.98246e-03  1.98708e-03
5.847940402e+00  1.9819802e-03  3.05439e-05  1.00000e+00  1.98198e-03  1.98711e-03
6.042871748e+00  1.9815115e-03  3.10427e-05  1.00000e+00  1.98151e-03  1.98702e-03
6.244300807e+00  1.9806808e-03  3.16032e-05  1.00000e+00  1.98068e-03  1.98639e-03
6.452444167e+00  1.9789236e-03  3.39034e-05  1.00000e+00  1.97892e-03  1.98542e-03
6.667525639e+00  1.9760670e-03  3.70674e-05  1.00000e+00  1.97607e-03  1.98516e-03
6.889776494e+00  1.9732885e-03  3.83236e-05  1.00000e+00  1.97329e-03  1.98518e-03
7.119435710e+00  1.9700525e-03  3.95705e-05  1.00000e+00  1.97005e-03  1.98526e-03
7.356750234e+00  1.9683146e-03  4.08941e-05  1.00000e+00  1.96831e-03  1.98596e-03
7.601975242e+00  1.9669137e-03  4.26350e-05  1.00000e+00  1.96691e-03  1.98675e-03
