# ------------------------------------------------------------------------
# Radiance spectrum
# NASA-GSFC Planetary Spectrum Generator (PSG) (Villanueva et al. 2018, 2022)
# Synthesized on Thu Jun  8 11:57:34 2023
# Doppler velocities [km/s] (vobs,vrot+vorb,vwidth,vrfl,vstr): -5.43000,-0.00000,0.08000,-11.28777,0.00000
# ------------------------------------------------------------------------
# Spectra synthesized with the Planetary and Universal Model of Atmospheric Scattering (PUMAS, Villanueva et al. 2018, 2022)
# Single scattering radiative transfer method
# ------------------------------------------------------------------------
# Spectral unit: Wavelength [um]
# Radiance unit: Contrast [radiance ratio w.r.t. parent star]
# Wave/freq Total Noise Stellar L-TT-1445-Ab Transit
5.000000000e-01  1.9654049e-03  4.26476e-05  1.00000e+00  1.96540e-03  1.96540e-03
5.166666667e-01  1.9650206e-03  4.03003e-05  1.00000e+00  1.96502e-03  1.96502e-03
5.338888889e-01  1.9646430e-03  2.85221e-05  1.00000e+00  1.96464e-03  1.96464e-03
5.516851852e-01  1.9642703e-03  3.00010e-05  1.00000e+00  1.96427e-03  1.96427e-03
5.700746914e-01  1.9639038e-03  2.82327e-05  1.00000e+00  1.96390e-03  1.96390e-03
5.890771811e-01  1.9635455e-03  3.02479e-05  1.00000e+00  1.96355e-03  1.96355e-03
6.087130871e-01  1.9631973e-03  2.31938e-05  1.00000e+00  1.96320e-03  1.96320e-03
6.290035233e-01  1.9628604e-03  2.57390e-05  1.00000e+00  1.96286e-03  1.96286e-03
6.499703075e-01  1.9625431e-03  2.00183e-05  1.00000e+00  1.96254e-03  1.96254e-03
6.716359844e-01  1.9622288e-03  2.33161e-05  1.00000e+00  1.96223e-03  1.96223e-03
6.940238505e-01  1.9619369e-03  1.68903e-05  1.00000e+00  1.96194e-03  1.96194e-03
7.171579789e-01  1.9616918e-03  2.03503e-05  1.00000e+00  1.96169e-03  1.96169e-03
7.410632448e-01  1.9614065e-03  1.21040e-05  1.00000e+00  1.96141e-03  1.96141e-03
7.657653530e-01  1.9611688e-03  1.30210e-05  1.00000e+00  1.96117e-03  1.96117e-03
7.912908648e-01  1.9610537e-03  1.21403e-05  1.00000e+00  1.96105e-03  1.96105e-03
8.176672269e-01  1.9607516e-03  1.06084e-05  1.00000e+00  1.96075e-03  1.96075e-03
8.449228011e-01  1.9605641e-03  1.10371e-05  1.00000e+00  1.96056e-03  1.96056e-03
8.730868945e-01  1.9606457e-03  9.89688e-06  1.00000e+00  1.96065e-03  1.96065e-03
9.021897910e-01  1.9602766e-03  1.00524e-05  1.00000e+00  1.96028e-03  1.96028e-03
9.322627840e-01  1.9602425e-03  9.24549e-06  1.00000e+00  1.96024e-03  1.96024e-03
9.633382102e-01  1.9599870e-03  9.01482e-06  1.00000e+00  1.95999e-03  1.95999e-03
9.954494838e-01  1.9598841e-03  8.89394e-06  1.00000e+00  1.95988e-03  1.95988e-03
1.028631133e+00  1.9606599e-03  8.53581e-06  1.00000e+00  1.96066e-03  1.96066e-03
1.062918838e+00  1.9611835e-03  8.28070e-06  1.00000e+00  1.96118e-03  1.96118e-03
1.098349466e+00  1.9598693e-03  8.33334e-06  1.00000e+00  1.95987e-03  1.95987e-03
1.134961115e+00  1.9599385e-03  8.45641e-06  1.00000e+00  1.95994e-03  1.95994e-03
1.172793152e+00  1.9595100e-03  8.36503e-06  1.00000e+00  1.95951e-03  1.95951e-03
1.211886257e+00  1.9660645e-03  8.15208e-06  1.00000e+00  1.96606e-03  1.96606e-03
1.252282465e+00  1.9617569e-03  7.96887e-06  1.00000e+00  1.96176e-03  1.96176e-03
1.294025214e+00  1.9619177e-03  7.86183e-06  1.00000e+00  1.96192e-03  1.96192e-03
1.337159388e+00  1.9628922e-03  8.80830e-06  1.00000e+00  1.96289e-03  1.96289e-03
1.381731368e+00  1.9600209e-03  9.53374e-06  1.00000e+00  1.96002e-03  1.96002e-03
1.427789080e+00  1.9684230e-03  9.97002e-06  1.00000e+00  1.96842e-03  1.96842e-03
1.475382049e+00  1.9661431e-03  9.89511e-06  1.00000e+00  1.96614e-03  1.96614e-03
1.524561451e+00  1.9665289e-03  9.56871e-06  1.00000e+00  1.96653e-03  1.96653e-03
1.575380166e+00  1.9696707e-03  9.17250e-06  1.00000e+00  1.96967e-03  1.96967e-03
1.627892838e+00  1.9690018e-03  8.72599e-06  1.00000e+00  1.96900e-03  1.96900e-03
1.682155933e+00  1.9637458e-03  8.41730e-06  1.00000e+00  1.96375e-03  1.96375e-03
1.738227797e+00  1.9612234e-03  9.23292e-06  1.00000e+00  1.96122e-03  1.96122e-03
1.796168724e+00  1.9617901e-03  1.02442e-05  1.00000e+00  1.96179e-03  1.96179e-03
1.856041014e+00  1.9632906e-03  1.07244e-05  1.00000e+00  1.96329e-03  1.96329e-03
1.917909048e+00  1.9713293e-03  1.05525e-05  1.00000e+00  1.97133e-03  1.97133e-03
1.981839350e+00  1.9774498e-03  1.06705e-05  1.00000e+00  1.97745e-03  1.97745e-03
2.047900661e+00  1.9781129e-03  1.07359e-05  1.00000e+00  1.97811e-03  1.97811e-03
2.116164017e+00  1.9723674e-03  1.04160e-05  1.00000e+00  1.97237e-03  1.97237e-03
2.186702817e+00  1.9643924e-03  9.96065e-06  1.00000e+00  1.96439e-03  1.96440e-03
2.259592911e+00  1.9602201e-03  9.61170e-06  1.00000e+00  1.96022e-03  1.96023e-03
2.334912675e+00  1.9593430e-03  1.00493e-05  1.00000e+00  1.95934e-03  1.95937e-03
2.412743097e+00  1.9591822e-03  1.11223e-05  1.00000e+00  1.95918e-03  1.95923e-03
2.493167867e+00  1.9656009e-03  1.24540e-05  1.00000e+00  1.96560e-03  1.96562e-03
2.576273463e+00  1.9686725e-03  1.29315e-05  1.00000e+00  1.96867e-03  1.96869e-03
2.662149245e+00  1.9834925e-03  1.27908e-05  1.00000e+00  1.98349e-03  1.98352e-03
2.750887553e+00  1.9861710e-03  1.34258e-05  1.00000e+00  1.98617e-03  1.98621e-03
2.842583805e+00  1.9839317e-03  1.38015e-05  1.00000e+00  1.98393e-03  1.98399e-03
2.937336599e+00  1.9716044e-03  1.40053e-05  1.00000e+00  1.97160e-03  1.97168e-03
3.035247818e+00  1.9671915e-03  1.41251e-05  1.00000e+00  1.96719e-03  1.96730e-03
3.136422746e+00  1.9651770e-03  1.40729e-05  1.00000e+00  1.96518e-03  1.96532e-03
3.240970171e+00  1.9625111e-03  1.39156e-05  1.00000e+00  1.96251e-03  1.96269e-03
3.349002510e+00  1.9624947e-03  1.37315e-05  1.00000e+00  1.96249e-03  1.96271e-03
3.460635927e+00  1.9594396e-03  1.36085e-05  1.00000e+00  1.95944e-03  1.95983e-03
3.575990457e+00  1.9634118e-03  1.35434e-05  1.00000e+00  1.96341e-03  1.96379e-03
3.695190139e+00  1.9604181e-03  1.34803e-05  1.00000e+00  1.96042e-03  1.96124e-03
3.818363144e+00  1.9668760e-03  1.34023e-05  1.00000e+00  1.96688e-03  1.96738e-03
3.945641916e+00  1.9643383e-03  1.36275e-05  1.00000e+00  1.96434e-03  1.96500e-03
4.077163313e+00  1.9694576e-03  1.43419e-05  1.00000e+00  1.96946e-03  1.97030e-03
4.213068756e+00  1.9880659e-03  1.49524e-05  1.00000e+00  1.98807e-03  1.98915e-03
4.353504382e+00  1.9914873e-03  1.55700e-05  1.00000e+00  1.99149e-03  1.99287e-03
4.498621194e+00  1.9818112e-03  1.62469e-05  1.00000e+00  1.98181e-03  1.98356e-03
4.648575234e+00  1.9740474e-03  1.68029e-05  1.00000e+00  1.97405e-03  1.97621e-03
4.803527742e+00  1.9749802e-03  1.74514e-05  1.00000e+00  1.97498e-03  1.97765e-03
4.963645333e+00  1.9676790e-03  1.81846e-05  1.00000e+00  1.96768e-03  1.97096e-03
5.129100178e+00  1.9669395e-03  1.89658e-05  1.00000e+00  1.96694e-03  1.97096e-03
5.300070184e+00  1.9672870e-03  1.96783e-05  1.00000e+00  1.96729e-03  1.97212e-03
5.476739190e+00  1.9593910e-03  2.04599e-05  1.00000e+00  1.95939e-03  1.96524e-03
5.659297163e+00  1.9505756e-03  2.10508e-05  1.00000e+00  1.95058e-03  1.96091e-03
5.847940402e+00  1.9478751e-03  2.15981e-05  1.00000e+00  1.94788e-03  1.96006e-03
6.042871748e+00  1.9460723e-03  2.19508e-05  1.00000e+00  1.94607e-03  1.95984e-03
6.244300807e+00  1.9479455e-03  2.23471e-05  1.00000e+00  1.94795e-03  1.95980e-03
6.452444167e+00  1.9482893e-03  2.39736e-05  1.00000e+00  1.94829e-03  1.96009e-03
6.667525639e+00  1.9471267e-03  2.62109e-05  1.00000e+00  1.94713e-03  1.96179e-03
6.889776494e+00  1.9481160e-03  2.70991e-05  1.00000e+00  1.94812e-03  1.96457e-03
7.119435710e+00  1.9503587e-03  2.79807e-05  1.00000e+00  1.95036e-03  1.96865e-03
7.356750234e+00  1.9482324e-03  2.89166e-05  1.00000e+00  1.94823e-03  1.96846e-03
7.601975242e+00  1.9434732e-03  3.01477e-05  1.00000e+00  1.94347e-03  1.96601e-03
