# ------------------------------------------------------------------------
# Radiance spectrum
# NASA-GSFC Planetary Spectrum Generator (PSG) (Villanueva et al. 2018, 2022)
# Synthesized on Mon Mar 20 13:44:54 2023
# Doppler velocities [km/s] (vobs,vrot+vorb,vwidth,vrfl,vstr): 7.48000,1.00000,0.73000,-0.00000,-0.00002
# ------------------------------------------------------------------------
# Spectra synthesized with the Planetary and Universal Model of Atmospheric Scattering (PUMAS, Villanueva et al. 2018, 2022)
# Single scattering radiative transfer method
# ------------------------------------------------------------------------
# Spectral unit: Wavelength [um]
# Radiance unit: Contrast [radiance ratio w.r.t. parent star]
# Wave/freq Total Noise Stellar GJ-1252-b Transit
5.000000000e-01  7.9639000e-04  4.12179e-04  1.00000e+00  7.96390e-04  7.96390e-04
5.166666667e-01  7.9626900e-04  3.82925e-04  1.00000e+00  7.96269e-04  7.96269e-04
5.338888889e-01  7.9615020e-04  2.47507e-04  1.00000e+00  7.96150e-04  7.96150e-04
5.516851852e-01  7.9603259e-04  2.63293e-04  1.00000e+00  7.96033e-04  7.96033e-04
5.700746914e-01  7.9591618e-04  2.44112e-04  1.00000e+00  7.95916e-04  7.95916e-04
5.890771811e-01  7.9580094e-04  2.65654e-04  1.00000e+00  7.95801e-04  7.95801e-04
6.087130871e-01  7.9568685e-04  1.92258e-04  1.00000e+00  7.95687e-04  7.95687e-04
6.290035233e-01  7.9557357e-04  2.17708e-04  1.00000e+00  7.95574e-04  7.95574e-04
6.499703075e-01  7.9546347e-04  1.61601e-04  1.00000e+00  7.95463e-04  7.95464e-04
6.716359844e-01  7.9534940e-04  1.93167e-04  1.00000e+00  7.95349e-04  7.95350e-04
6.940238505e-01  7.9523864e-04  1.33002e-04  1.00000e+00  7.95239e-04  7.95239e-04
7.171579789e-01  7.9513723e-04  1.64485e-04  1.00000e+00  7.95137e-04  7.95139e-04
7.410632448e-01  7.9501774e-04  9.21860e-05  1.00000e+00  7.95018e-04  7.95019e-04
7.657653530e-01  7.9490620e-04  9.96159e-05  1.00000e+00  7.94906e-04  7.94909e-04
7.912908648e-01  7.9482686e-04  9.25765e-05  1.00000e+00  7.94827e-04  7.94831e-04
8.176672269e-01  7.9468429e-04  7.99820e-05  1.00000e+00  7.94684e-04  7.94689e-04
8.449228011e-01  7.9456513e-04  8.34191e-05  1.00000e+00  7.94565e-04  7.94574e-04
8.730868945e-01  7.9453796e-04  7.42640e-05  1.00000e+00  7.94538e-04  7.94548e-04
9.021897910e-01  7.9434437e-04  7.56079e-05  1.00000e+00  7.94344e-04  7.94362e-04
9.322627840e-01  7.9428459e-04  6.91425e-05  1.00000e+00  7.94285e-04  7.94307e-04
9.633382102e-01  7.9405145e-04  6.73302e-05  1.00000e+00  7.94051e-04  7.94084e-04
9.954494838e-01  7.9390114e-04  6.63709e-05  1.00000e+00  7.93901e-04  7.93946e-04
1.028631133e+00  7.9420286e-04  6.35748e-05  1.00000e+00  7.94203e-04  7.94243e-04
1.062918838e+00  7.9449460e-04  6.15878e-05  1.00000e+00  7.94495e-04  7.94523e-04
1.098349466e+00  7.9363542e-04  6.19794e-05  1.00000e+00  7.93635e-04  7.93735e-04
1.134961115e+00  7.9373883e-04  6.29157e-05  1.00000e+00  7.93739e-04  7.93867e-04
1.172793152e+00  7.9278156e-04  6.21962e-05  1.00000e+00  7.92782e-04  7.92979e-04
1.211886257e+00  7.9591018e-04  6.05424e-05  1.00000e+00  7.95910e-04  7.95932e-04
1.252282465e+00  7.9443783e-04  5.91222e-05  1.00000e+00  7.94438e-04  7.94520e-04
1.294025214e+00  7.9452371e-04  5.82897e-05  1.00000e+00  7.94524e-04  7.94604e-04
1.337159388e+00  7.9479798e-04  6.55746e-05  1.00000e+00  7.94798e-04  7.94812e-04
1.381731368e+00  7.9330451e-04  7.12144e-05  1.00000e+00  7.93305e-04  7.93849e-04
1.427789080e+00  7.9609596e-04  7.46275e-05  1.00000e+00  7.96096e-04  7.96338e-04
1.475382049e+00  7.9543710e-04  7.40253e-05  1.00000e+00  7.95437e-04  7.95465e-04
1.524561451e+00  7.9578420e-04  7.14525e-05  1.00000e+00  7.95784e-04  7.95810e-04
1.575380166e+00  7.9657017e-04  6.83488e-05  1.00000e+00  7.96570e-04  7.96593e-04
1.627892838e+00  7.9659153e-04  6.48734e-05  1.00000e+00  7.96592e-04  7.96606e-04
1.682155933e+00  7.9469334e-04  6.24805e-05  1.00000e+00  7.94693e-04  7.94831e-04
1.738227797e+00  7.9227937e-04  6.87900e-05  1.00000e+00  7.92279e-04  7.93649e-04
1.796168724e+00  7.9343116e-04  7.67099e-05  1.00000e+00  7.93431e-04  7.93712e-04
1.856041014e+00  7.9436941e-04  8.05046e-05  1.00000e+00  7.94369e-04  7.94958e-04
1.917909048e+00  7.9594174e-04  7.91302e-05  1.00000e+00  7.95942e-04  7.96149e-04
1.981839350e+00  7.9929222e-04  8.00815e-05  1.00000e+00  7.99292e-04  7.99294e-04
2.047900661e+00  7.9938378e-04  8.05734e-05  1.00000e+00  7.99384e-04  7.99384e-04
2.116164017e+00  7.9640141e-04  7.80335e-05  1.00000e+00  7.96401e-04  7.96633e-04
2.186702817e+00  7.9413989e-04  7.44460e-05  1.00000e+00  7.94140e-04  7.94978e-04
2.259592911e+00  7.9028375e-04  7.17000e-05  1.00000e+00  7.90284e-04  7.93881e-04
2.334912675e+00  7.8761045e-04  7.50703e-05  1.00000e+00  7.87610e-04  7.93324e-04
2.412743097e+00  7.7797705e-04  8.35782e-05  1.00000e+00  7.77977e-04  7.90148e-04
2.493167867e+00  7.9248058e-04  9.43452e-05  1.00000e+00  7.92481e-04  7.95001e-04
2.576273463e+00  7.9355847e-04  9.82443e-05  1.00000e+00  7.93558e-04  7.95440e-04
2.662149245e+00  8.0103136e-04  9.70820e-05  1.00000e+00  8.01031e-04  8.01231e-04
2.750887553e+00  8.0258541e-04  1.02304e-04  1.00000e+00  8.02585e-04  8.02594e-04
2.842583805e+00  7.9995558e-04  1.05415e-04  1.00000e+00  7.99956e-04  7.99960e-04
2.937336599e+00  7.9405982e-04  1.07106e-04  1.00000e+00  7.94060e-04  7.96146e-04
3.035247818e+00  7.9129928e-04  1.08099e-04  1.00000e+00  7.91299e-04  7.95629e-04
3.136422746e+00  7.9135605e-04  1.07655e-04  1.00000e+00  7.91356e-04  7.95594e-04
3.240970171e+00  7.8450095e-04  1.06335e-04  1.00000e+00  7.84501e-04  7.93764e-04
3.349002510e+00  7.8443168e-04  1.04796e-04  1.00000e+00  7.84432e-04  7.94142e-04
3.460635927e+00  7.7758143e-04  1.03769e-04  1.00000e+00  7.77581e-04  7.93493e-04
3.575990457e+00  7.8908111e-04  1.03223e-04  1.00000e+00  7.89081e-04  7.95673e-04
3.695190139e+00  7.8472021e-04  1.02695e-04  1.00000e+00  7.84720e-04  7.95531e-04
3.818363144e+00  7.9497393e-04  1.02044e-04  1.00000e+00  7.94974e-04  7.96596e-04
3.945641916e+00  7.9064595e-04  1.03904e-04  1.00000e+00  7.90646e-04  7.95905e-04
4.077163313e+00  7.9316599e-04  1.09929e-04  1.00000e+00  7.93166e-04  7.95966e-04
4.213068756e+00  8.0503859e-04  1.15481e-04  1.00000e+00  8.05039e-04  8.06235e-04
4.353504382e+00  8.0575214e-04  1.21260e-04  1.00000e+00  8.05752e-04  8.06783e-04
4.498621194e+00  7.9856920e-04  1.27751e-04  1.00000e+00  7.98569e-04  7.98991e-04
4.648575234e+00  7.9558011e-04  1.33361e-04  1.00000e+00  7.95580e-04  7.96950e-04
4.803527742e+00  7.9932461e-04  1.40022e-04  1.00000e+00  7.99325e-04  7.99329e-04
4.963645333e+00  7.9147206e-04  1.47736e-04  1.00000e+00  7.91472e-04  7.96680e-04
5.129100178e+00  7.9575877e-04  1.56239e-04  1.00000e+00  7.95759e-04  7.97340e-04
5.300070184e+00  7.9472390e-04  1.64295e-04  1.00000e+00  7.94724e-04  7.96968e-04
5.476739190e+00  7.5443963e-04  1.73514e-04  1.00000e+00  7.54440e-04  7.94144e-04
5.659297163e+00  7.4690572e-04  1.81056e-04  1.00000e+00  7.46906e-04  7.93434e-04
5.847940402e+00  7.4402452e-04  1.88357e-04  1.00000e+00  7.44025e-04  7.93482e-04
6.042871748e+00  7.2824002e-04  1.93767e-04  1.00000e+00  7.28240e-04  7.93671e-04
6.244300807e+00  7.4118709e-04  1.99891e-04  1.00000e+00  7.41187e-04  7.94048e-04
6.452444167e+00  7.4340258e-04  2.20384e-04  1.00000e+00  7.43403e-04  7.94739e-04
6.667525639e+00  7.6378505e-04  2.49339e-04  1.00000e+00  7.63785e-04  7.95407e-04
6.889776494e+00  7.9364804e-04  2.62766e-04  1.00000e+00  7.93648e-04  7.96093e-04
7.119435710e+00  7.9720018e-04  2.76515e-04  1.00000e+00  7.97200e-04  7.97302e-04
7.356750234e+00  7.9722660e-04  2.91351e-04  1.00000e+00  7.97227e-04  7.97361e-04
7.601975242e+00  7.9650411e-04  3.10492e-04  1.00000e+00  7.96504e-04  7.96720e-04
