# ------------------------------------------------------------------------
# Radiance spectrum
# NASA-GSFC Planetary Spectrum Generator (PSG) (Villanueva et al. 2018, 2022)
# Synthesized on Thu Jun  8 10:31:11 2023
# Doppler velocities [km/s] (vobs,vrot+vorb,vwidth,vrfl,vstr): -5.43000,-0.00000,0.06000,-11.28777,0.00000
# ------------------------------------------------------------------------
# Spectra synthesized with the Planetary and Universal Model of Atmospheric Scattering (PUMAS, Villanueva et al. 2018, 2022)
# Single scattering radiative transfer method
# ------------------------------------------------------------------------
# Spectral unit: Wavelength [um]
# Radiance unit: Contrast [radiance ratio w.r.t. parent star]
# Wave/freq Total Noise Stellar L-TT-1445-Ab Transit
5.000000000e-01  1.0904926e-03  9.59786e-05  1.00000e+00  1.09049e-03  1.09049e-03
5.166666667e-01  1.0897071e-03  9.06965e-05  1.00000e+00  1.08971e-03  1.08971e-03
5.338888889e-01  1.0892668e-03  6.41914e-05  1.00000e+00  1.08927e-03  1.08927e-03
5.516851852e-01  1.0886676e-03  6.75196e-05  1.00000e+00  1.08867e-03  1.08867e-03
5.700746914e-01  1.0885297e-03  6.35401e-05  1.00000e+00  1.08853e-03  1.08853e-03
5.890771811e-01  1.0892673e-03  6.80753e-05  1.00000e+00  1.08927e-03  1.08927e-03
6.087130871e-01  1.0871102e-03  5.22004e-05  1.00000e+00  1.08711e-03  1.08711e-03
6.290035233e-01  1.0870497e-03  5.79284e-05  1.00000e+00  1.08705e-03  1.08705e-03
6.499703075e-01  1.0875455e-03  4.50538e-05  1.00000e+00  1.08755e-03  1.08755e-03
6.716359844e-01  1.0855991e-03  5.24757e-05  1.00000e+00  1.08560e-03  1.08560e-03
6.940238505e-01  1.0875799e-03  3.80140e-05  1.00000e+00  1.08758e-03  1.08758e-03
7.171579789e-01  1.0903770e-03  4.58009e-05  1.00000e+00  1.09038e-03  1.09038e-03
7.410632448e-01  1.0862751e-03  2.72419e-05  1.00000e+00  1.08628e-03  1.08628e-03
7.657653530e-01  1.0860438e-03  2.93059e-05  1.00000e+00  1.08604e-03  1.08604e-03
7.912908648e-01  1.0861654e-03  2.73236e-05  1.00000e+00  1.08617e-03  1.08617e-03
8.176672269e-01  1.0895199e-03  2.38760e-05  1.00000e+00  1.08952e-03  1.08952e-03
8.449228011e-01  1.0851823e-03  2.48408e-05  1.00000e+00  1.08518e-03  1.08518e-03
8.730868945e-01  1.0829985e-03  2.22747e-05  1.00000e+00  1.08300e-03  1.08300e-03
9.021897910e-01  1.0904174e-03  2.26245e-05  1.00000e+00  1.09042e-03  1.09042e-03
9.322627840e-01  1.0961165e-03  2.08085e-05  1.00000e+00  1.09612e-03  1.09612e-03
9.633382102e-01  1.0934900e-03  2.02893e-05  1.00000e+00  1.09349e-03  1.09349e-03
9.954494838e-01  1.0854019e-03  2.00174e-05  1.00000e+00  1.08540e-03  1.08540e-03
1.028631133e+00  1.0819521e-03  1.92114e-05  1.00000e+00  1.08195e-03  1.08195e-03
1.062918838e+00  1.0835704e-03  1.86372e-05  1.00000e+00  1.08357e-03  1.08357e-03
1.098349466e+00  1.0921939e-03  1.87556e-05  1.00000e+00  1.09219e-03  1.09219e-03
1.134961115e+00  1.0966451e-03  1.90325e-05  1.00000e+00  1.09665e-03  1.09665e-03
1.172793152e+00  1.0916117e-03  1.88269e-05  1.00000e+00  1.09161e-03  1.09161e-03
1.211886257e+00  1.0871173e-03  1.83477e-05  1.00000e+00  1.08712e-03  1.08712e-03
1.252282465e+00  1.0843115e-03  1.79354e-05  1.00000e+00  1.08431e-03  1.08431e-03
1.294025214e+00  1.0886942e-03  1.76944e-05  1.00000e+00  1.08869e-03  1.08869e-03
1.337159388e+00  1.0997217e-03  1.98245e-05  1.00000e+00  1.09972e-03  1.09972e-03
1.381731368e+00  1.1042180e-03  2.14571e-05  1.00000e+00  1.10422e-03  1.10422e-03
1.427789080e+00  1.1016199e-03  2.24392e-05  1.00000e+00  1.10162e-03  1.10162e-03
1.475382049e+00  1.0968328e-03  2.22706e-05  1.00000e+00  1.09683e-03  1.09683e-03
1.524561451e+00  1.0884196e-03  2.15361e-05  1.00000e+00  1.08842e-03  1.08842e-03
1.575380166e+00  1.0832686e-03  2.06444e-05  1.00000e+00  1.08327e-03  1.08327e-03
1.627892838e+00  1.0819501e-03  1.96395e-05  1.00000e+00  1.08195e-03  1.08195e-03
1.682155933e+00  1.0848917e-03  1.89447e-05  1.00000e+00  1.08489e-03  1.08489e-03
1.738227797e+00  1.0900657e-03  2.07802e-05  1.00000e+00  1.09007e-03  1.09007e-03
1.796168724e+00  1.0993125e-03  2.30561e-05  1.00000e+00  1.09931e-03  1.09931e-03
1.856041014e+00  1.1033734e-03  2.41368e-05  1.00000e+00  1.10337e-03  1.10337e-03
1.917909048e+00  1.1019853e-03  2.37500e-05  1.00000e+00  1.10199e-03  1.10199e-03
1.981839350e+00  1.0945869e-03  2.40158e-05  1.00000e+00  1.09459e-03  1.09459e-03
2.047900661e+00  1.0897566e-03  2.41630e-05  1.00000e+00  1.08976e-03  1.08976e-03
2.116164017e+00  1.0843087e-03  2.34431e-05  1.00000e+00  1.08431e-03  1.08431e-03
2.186702817e+00  1.0850628e-03  2.24182e-05  1.00000e+00  1.08506e-03  1.08506e-03
2.259592911e+00  1.0861410e-03  2.16328e-05  1.00000e+00  1.08614e-03  1.08614e-03
2.334912675e+00  1.0900703e-03  2.26176e-05  1.00000e+00  1.09007e-03  1.09007e-03
2.412743097e+00  1.0941448e-03  2.50325e-05  1.00000e+00  1.09414e-03  1.09415e-03
2.493167867e+00  1.1014000e-03  2.80297e-05  1.00000e+00  1.10140e-03  1.10141e-03
2.576273463e+00  1.1077762e-03  2.91043e-05  1.00000e+00  1.10778e-03  1.10779e-03
2.662149245e+00  1.1087986e-03  2.87877e-05  1.00000e+00  1.10880e-03  1.10881e-03
2.750887553e+00  1.1080139e-03  3.02170e-05  1.00000e+00  1.10801e-03  1.10804e-03
2.842583805e+00  1.1047815e-03  3.10626e-05  1.00000e+00  1.10478e-03  1.10481e-03
2.937336599e+00  1.1008720e-03  3.15212e-05  1.00000e+00  1.10087e-03  1.10092e-03
3.035247818e+00  1.0983880e-03  3.17906e-05  1.00000e+00  1.09839e-03  1.09845e-03
3.136422746e+00  1.0953905e-03  3.16732e-05  1.00000e+00  1.09539e-03  1.09547e-03
3.240970171e+00  1.0959945e-03  3.13192e-05  1.00000e+00  1.09599e-03  1.09609e-03
3.349002510e+00  1.0948181e-03  3.09048e-05  1.00000e+00  1.09482e-03  1.09494e-03
3.460635927e+00  1.0908383e-03  3.06280e-05  1.00000e+00  1.09084e-03  1.09099e-03
3.575990457e+00  1.0885012e-03  3.04815e-05  1.00000e+00  1.08850e-03  1.08869e-03
3.695190139e+00  1.0880267e-03  3.03395e-05  1.00000e+00  1.08803e-03  1.08826e-03
3.818363144e+00  1.0871906e-03  3.01640e-05  1.00000e+00  1.08719e-03  1.08747e-03
3.945641916e+00  1.0859574e-03  3.06709e-05  1.00000e+00  1.08596e-03  1.08630e-03
4.077163313e+00  1.0871733e-03  3.22789e-05  1.00000e+00  1.08717e-03  1.08763e-03
4.213068756e+00  1.1084645e-03  3.36526e-05  1.00000e+00  1.10846e-03  1.10906e-03
4.353504382e+00  1.1089226e-03  3.50426e-05  1.00000e+00  1.10892e-03  1.10968e-03
4.498621194e+00  1.0942610e-03  3.65663e-05  1.00000e+00  1.09426e-03  1.09522e-03
4.648575234e+00  1.0923568e-03  3.78174e-05  1.00000e+00  1.09236e-03  1.09354e-03
4.803527742e+00  1.0935618e-03  3.92767e-05  1.00000e+00  1.09356e-03  1.09503e-03
4.963645333e+00  1.0962497e-03  4.09265e-05  1.00000e+00  1.09625e-03  1.09805e-03
5.129100178e+00  1.1043987e-03  4.26843e-05  1.00000e+00  1.10440e-03  1.10660e-03
5.300070184e+00  1.1033812e-03  4.42878e-05  1.00000e+00  1.10338e-03  1.10603e-03
5.476739190e+00  1.1019887e-03  4.60465e-05  1.00000e+00  1.10199e-03  1.10516e-03
5.659297163e+00  1.1023232e-03  4.73759e-05  1.00000e+00  1.10232e-03  1.10601e-03
5.847940402e+00  1.1031301e-03  4.86074e-05  1.00000e+00  1.10313e-03  1.10737e-03
6.042871748e+00  1.1011313e-03  4.94010e-05  1.00000e+00  1.10113e-03  1.10589e-03
6.244300807e+00  1.0976205e-03  5.02928e-05  1.00000e+00  1.09762e-03  1.10294e-03
6.452444167e+00  1.1015519e-03  5.39527e-05  1.00000e+00  1.10155e-03  1.10802e-03
6.667525639e+00  1.0991244e-03  5.89869e-05  1.00000e+00  1.09912e-03  1.10717e-03
6.889776494e+00  1.0964026e-03  6.09854e-05  1.00000e+00  1.09640e-03  1.10543e-03
7.119435710e+00  1.0944065e-03  6.29692e-05  1.00000e+00  1.09441e-03  1.10445e-03
7.356750234e+00  1.0918735e-03  6.50749e-05  1.00000e+00  1.09187e-03  1.10298e-03
7.601975242e+00  1.0877553e-03  6.78446e-05  1.00000e+00  1.08776e-03  1.10012e-03
