# ------------------------------------------------------------------------
# Radiance spectrum
# NASA-GSFC Planetary Spectrum Generator (PSG) (Villanueva et al. 2018, 2022)
# Synthesized on Mon Mar 20 10:53:52 2023
# Doppler velocities [km/s] (vobs,vrot+vorb,vwidth,vrfl,vstr): -21.10000,-0.00000,0.10000,0.55403,0.00000
# Spectral unit: Wavelength [um]
# Radiance unit: Contrast [radiance ratio w.r.t. parent star]
# Wave/freq Total Noise Stellar Object Reflected Thermal Transit
5.000000000e-01  9.6810250e-04  8.48299e-05  1.00000e+00  9.68103e-04 -0.00000e+00 -1.78151e-25  9.68103e-04
5.166666667e-01  9.6810250e-04  8.07364e-05  1.00000e+00  9.68103e-04 -0.00000e+00 -9.41570e-25  9.68103e-04
5.338888889e-01  9.6810250e-04  5.80319e-05  1.00000e+00  9.68103e-04 -0.00000e+00 -2.90474e-24  9.68103e-04
5.516851852e-01  9.6810250e-04  6.13951e-05  1.00000e+00  9.68103e-04 -0.00000e+00 -1.70325e-23  9.68103e-04
5.700746914e-01  9.6810250e-04  5.82195e-05  1.00000e+00  9.68103e-04 -0.00000e+00 -7.71010e-23  9.68103e-04
5.890771811e-01  9.6810250e-04  6.26956e-05  1.00000e+00  9.68103e-04 -0.00000e+00 -4.17581e-22  9.68103e-04
6.087130871e-01  9.6810250e-04  4.85545e-05  1.00000e+00  9.68102e-04 -0.00000e+00 -1.16220e-21  9.68102e-04
6.290035233e-01  9.6810250e-04  5.41263e-05  1.00000e+00  9.68103e-04 -0.00000e+00 -6.06472e-21  9.68103e-04
6.499703075e-01  9.6810250e-04  4.24442e-05  1.00000e+00  9.68102e-04 -0.00000e+00 -1.55019e-20  9.68102e-04
6.716359844e-01  9.6810250e-04  4.96316e-05  1.00000e+00  9.68102e-04 -0.00000e+00 -8.04772e-20  9.68103e-04
6.940238505e-01  9.6810250e-04  3.62294e-05  1.00000e+00  9.68102e-04 -0.00000e+00 -1.62331e-19  9.68103e-04
7.171579789e-01  9.6810250e-04  4.38139e-05  1.00000e+00  9.68102e-04 -0.00000e+00 -8.22849e-19  9.68102e-04
7.410632448e-01  9.6810250e-04  2.62485e-05  1.00000e+00  9.68102e-04 -0.00000e+00 -1.02612e-18  9.68103e-04
7.657653530e-01  9.6810250e-04  2.83588e-05  1.00000e+00  9.68102e-04 -0.00000e+00 -3.85475e-18  9.68102e-04
7.912908648e-01  9.6810250e-04  2.65613e-05  1.00000e+00  9.68102e-04 -0.00000e+00 -1.05053e-17  9.68103e-04
8.176672269e-01  9.6810250e-04  2.33141e-05  1.00000e+00  9.68102e-04 -0.00000e+00 -2.42082e-17  9.68103e-04
8.449228011e-01  9.6810250e-04  2.43524e-05  1.00000e+00  9.68102e-04 -0.00000e+00 -7.55965e-17  9.68102e-04
8.730868945e-01  9.6810250e-04  2.19257e-05  1.00000e+00  9.68102e-04 -0.00000e+00 -1.69736e-16  9.68103e-04
9.021897910e-01  9.6810250e-04  2.23532e-05  1.00000e+00  9.68102e-04 -0.00000e+00 -4.69740e-16  9.68103e-04
9.322627840e-01  9.6810250e-04  2.06343e-05  1.00000e+00  9.68102e-04 -0.00000e+00 -1.03194e-15  9.68103e-04
9.633382102e-01  9.6810250e-04  2.01934e-05  1.00000e+00  9.68102e-04 -0.00000e+00 -2.45988e-15  9.68103e-04
9.954494838e-01  9.6810250e-04  1.99853e-05  1.00000e+00  9.68102e-04 -0.00000e+00 -5.80335e-15  9.68103e-04
1.028631133e+00  9.6810250e-04  1.92429e-05  1.00000e+00  9.68102e-04 -0.00000e+00 -1.25637e-14  9.68103e-04
1.062918838e+00  9.6810250e-04  1.87272e-05  1.00000e+00  9.68102e-04 -0.00000e+00 -2.69451e-14  9.68103e-04
1.098349466e+00  9.6810250e-04  1.89099e-05  1.00000e+00  9.68102e-04 -0.00000e+00 -6.03578e-14  9.68103e-04
1.134961115e+00  9.6810250e-04  1.92369e-05  1.00000e+00  9.68102e-04 -0.00000e+00 -1.33345e-13  9.68103e-04
1.172793152e+00  9.6810250e-04  1.90810e-05  1.00000e+00  9.68102e-04 -0.00000e+00 -2.72565e-13  9.68103e-04
1.211886257e+00  9.6810250e-04  1.86437e-05  1.00000e+00  9.68102e-04 -0.00000e+00 -5.26497e-13  9.68103e-04
1.252282465e+00  9.6810250e-04  1.82726e-05  1.00000e+00  9.68102e-04 -0.00000e+00 -9.97062e-13  9.68103e-04
1.294025214e+00  9.6810250e-04  1.80712e-05  1.00000e+00  9.68102e-04 -0.00000e+00 -1.87469e-12  9.68103e-04
1.337159388e+00  9.6810250e-04  2.02937e-05  1.00000e+00  9.68102e-04 -0.00000e+00 -4.42463e-12  9.68103e-04
1.381731368e+00  9.6810249e-04  2.20141e-05  1.00000e+00  9.68102e-04 -0.00000e+00 -9.52186e-12  9.68103e-04
1.427789080e+00  9.6810248e-04  2.30713e-05  1.00000e+00  9.68102e-04 -0.00000e+00 -1.87097e-11  9.68103e-04
1.475382049e+00  9.6810247e-04  2.29458e-05  1.00000e+00  9.68102e-04 -0.00000e+00 -3.24345e-11  9.68103e-04
1.524561451e+00  9.6810245e-04  2.22334e-05  1.00000e+00  9.68102e-04 -0.00000e+00 -5.22841e-11  9.68102e-04
1.575380166e+00  9.6810242e-04  2.13539e-05  1.00000e+00  9.68102e-04 -0.00000e+00 -8.11330e-11  9.68103e-04
1.627892838e+00  9.6810238e-04  2.03518e-05  1.00000e+00  9.68102e-04 -0.00000e+00 -1.21543e-10  9.68103e-04
1.682155933e+00  9.6810232e-04  1.96664e-05  1.00000e+00  9.68102e-04 -0.00000e+00 -1.83534e-10  9.68103e-04
1.738227797e+00  9.6810215e-04  2.16085e-05  1.00000e+00  9.68102e-04 -0.00000e+00 -3.50661e-10  9.68103e-04
1.796168724e+00  9.6810183e-04  2.40144e-05  1.00000e+00  9.68102e-04 -0.00000e+00 -6.72625e-10  9.68102e-04
1.856041014e+00  9.6810137e-04  2.51795e-05  1.00000e+00  9.68101e-04 -0.00000e+00 -1.13018e-09  9.68102e-04
1.917909048e+00  9.6810085e-04  2.48130e-05  1.00000e+00  9.68101e-04 -0.00000e+00 -1.65262e-09  9.68103e-04
1.981839350e+00  9.6809999e-04  2.51267e-05  1.00000e+00  9.68100e-04 -0.00000e+00 -2.50810e-09  9.68103e-04
2.047900661e+00  9.6809879e-04  2.53156e-05  1.00000e+00  9.68099e-04 -0.00000e+00 -3.70940e-09  9.68103e-04
2.116164017e+00  9.6809747e-04  2.45935e-05  1.00000e+00  9.68097e-04 -0.00000e+00 -5.02919e-09  9.68103e-04
2.186702817e+00  9.6809597e-04  2.35477e-05  1.00000e+00  9.68096e-04 -0.00000e+00 -6.52845e-09  9.68103e-04
2.259592911e+00  9.6809400e-04  2.27500e-05  1.00000e+00  9.68094e-04 -0.00000e+00 -8.50248e-09  9.68103e-04
2.334912675e+00  9.6808971e-04  2.38137e-05  1.00000e+00  9.68090e-04 -0.00000e+00 -1.27899e-08  9.68103e-04
2.412743097e+00  9.6808125e-04  2.63991e-05  1.00000e+00  9.68081e-04 -0.00000e+00 -2.12452e-08  9.68103e-04
2.493167867e+00  9.6806693e-04  2.95924e-05  1.00000e+00  9.68067e-04 -0.00000e+00 -3.55729e-08  9.68103e-04
2.576273463e+00  9.6805184e-04  3.07404e-05  1.00000e+00  9.68052e-04 -0.00000e+00 -5.06587e-08  9.68103e-04
2.662149245e+00  9.6803758e-04  3.04434e-05  1.00000e+00  9.68038e-04 -0.00000e+00 -6.49225e-08  9.68103e-04
2.750887553e+00  9.6801021e-04  3.19876e-05  1.00000e+00  9.68010e-04 -0.00000e+00 -9.22863e-08  9.68103e-04
2.842583805e+00  9.6797797e-04  3.29183e-05  1.00000e+00  9.67978e-04 -0.00000e+00 -1.24529e-07  9.68103e-04
2.937336599e+00  9.6794061e-04  3.34233e-05  1.00000e+00  9.67941e-04 -0.00000e+00 -1.61892e-07  9.68102e-04
3.035247818e+00  9.6789671e-04  3.37311e-05  1.00000e+00  9.67897e-04 -0.00000e+00 -2.05791e-07  9.68103e-04
3.136422746e+00  9.6784939e-04  3.36470e-05  1.00000e+00  9.67849e-04 -0.00000e+00 -2.53107e-07  9.68103e-04
3.240970171e+00  9.6779908e-04  3.32937e-05  1.00000e+00  9.67799e-04 -0.00000e+00 -3.03416e-07  9.68103e-04
3.349002510e+00  9.6774370e-04  3.28771e-05  1.00000e+00  9.67744e-04 -0.00000e+00 -3.58797e-07  9.68103e-04
3.460635927e+00  9.6767864e-04  3.26054e-05  1.00000e+00  9.67679e-04 -0.00000e+00 -4.23855e-07  9.68103e-04
3.575990457e+00  9.6760225e-04  3.24714e-05  1.00000e+00  9.67602e-04 -0.00000e+00 -5.00245e-07  9.68103e-04
3.695190139e+00  9.6751713e-04  3.23412e-05  1.00000e+00  9.67517e-04 -0.00000e+00 -5.85367e-07  9.68103e-04
3.818363144e+00  9.6742484e-04  3.21741e-05  1.00000e+00  9.67425e-04 -0.00000e+00 -6.77661e-07  9.68103e-04
3.945641916e+00  9.6728962e-04  3.27353e-05  1.00000e+00  9.67290e-04 -0.00000e+00 -8.12885e-07  9.68103e-04
4.077163313e+00  9.6706859e-04  3.44746e-05  1.00000e+00  9.67069e-04 -0.00000e+00 -1.03391e-06  9.68103e-04
4.213068756e+00  9.6682377e-04  3.59670e-05  1.00000e+00  9.66824e-04 -0.00000e+00 -1.27873e-06  9.68103e-04
4.353504382e+00  9.6653742e-04  3.74784e-05  1.00000e+00  9.66537e-04 -0.00000e+00 -1.56508e-06  9.68103e-04
4.498621194e+00  9.6619450e-04  3.91349e-05  1.00000e+00  9.66195e-04 -0.00000e+00 -1.90800e-06  9.68103e-04
4.648575234e+00  9.6583336e-04  4.05015e-05  1.00000e+00  9.65833e-04 -0.00000e+00 -2.26914e-06  9.68103e-04
4.803527742e+00  9.6540248e-04  4.20939e-05  1.00000e+00  9.65402e-04 -0.00000e+00 -2.70002e-06  9.68103e-04
4.963645333e+00  9.6489382e-04  4.38940e-05  1.00000e+00  9.64894e-04 -0.00000e+00 -3.20868e-06  9.68103e-04
5.129100178e+00  9.6431103e-04  4.58138e-05  1.00000e+00  9.64311e-04 -0.00000e+00 -3.79147e-06  9.68103e-04
5.300070184e+00  9.6369734e-04  4.75705e-05  1.00000e+00  9.63697e-04 -0.00000e+00 -4.40516e-06  9.68103e-04
5.476739190e+00  9.6300103e-04  4.94984e-05  1.00000e+00  9.63001e-04 -0.00000e+00 -5.10147e-06  9.68103e-04
5.659297163e+00  9.6234600e-04  5.09657e-05  1.00000e+00  9.62346e-04 -0.00000e+00 -5.75650e-06  9.68103e-04
5.847940402e+00  9.6168127e-04  5.23300e-05  1.00000e+00  9.61681e-04 -0.00000e+00 -6.42123e-06  9.68103e-04
6.042871748e+00  9.6110323e-04  5.32221e-05  1.00000e+00  9.61103e-04 -0.00000e+00 -6.99927e-06  9.68103e-04
6.244300807e+00  9.6049658e-04  5.42153e-05  1.00000e+00  9.60497e-04 -0.00000e+00 -7.60592e-06  9.68102e-04
6.452444167e+00  9.5909000e-04  5.82701e-05  1.00000e+00  9.59090e-04 -0.00000e+00 -9.01250e-06  9.68103e-04
6.667525639e+00  9.5719343e-04  6.37589e-05  1.00000e+00  9.57193e-04 -0.00000e+00 -1.09091e-05  9.68103e-04
6.889776494e+00  9.5616818e-04  6.59791e-05  1.00000e+00  9.56168e-04 -0.00000e+00 -1.19343e-05  9.68103e-04
7.119435710e+00  9.5514953e-04  6.81993e-05  1.00000e+00  9.55150e-04 -0.00000e+00 -1.29530e-05  9.68103e-04
7.356750234e+00  9.5411051e-04  7.05448e-05  1.00000e+00  9.54111e-04 -0.00000e+00 -1.39920e-05  9.68102e-04
7.601975242e+00  9.5285884e-04  7.36419e-05  1.00000e+00  9.52859e-04 -0.00000e+00 -1.52437e-05  9.68103e-04
