# ------------------------------------------------------------------------
# Radiance spectrum
# NASA-GSFC Planetary Spectrum Generator (PSG) (Villanueva et al. 2018, 2022)
# Synthesized on Mon Mar 20 11:01:53 2023
# Doppler velocities [km/s] (vobs,vrot+vorb,vwidth,vrfl,vstr): -5.58000,-0.00000,0.32000,-24.82468,0.00000
# ------------------------------------------------------------------------
# Spectra synthesized with the Planetary and Universal Model of Atmospheric Scattering (PUMAS, Villanueva et al. 2018, 2022)
# Single scattering radiative transfer method
# ------------------------------------------------------------------------
# Spectral unit: Wavelength [um]
# Radiance unit: Contrast [radiance ratio w.r.t. parent star]
# Wave/freq Total Noise Stellar L-98-59-d Transit
5.000000000e-01  2.2097367e-03  3.85318e-04  1.00000e+00  2.20974e-03  2.20974e-03
5.166666667e-01  2.2091871e-03  3.65813e-04  1.00000e+00  2.20919e-03  2.20919e-03
5.338888889e-01  2.2086335e-03  2.61026e-04  1.00000e+00  2.20863e-03  2.20863e-03
5.516851852e-01  2.2080708e-03  2.75300e-04  1.00000e+00  2.20807e-03  2.20807e-03
5.700746914e-01  2.2074980e-03  2.60052e-04  1.00000e+00  2.20750e-03  2.20750e-03
5.890771811e-01  2.2069147e-03  2.79268e-04  1.00000e+00  2.20691e-03  2.20691e-03
6.087130871e-01  2.2063199e-03  2.15247e-04  1.00000e+00  2.20632e-03  2.20632e-03
6.290035233e-01  2.2057117e-03  2.39351e-04  1.00000e+00  2.20571e-03  2.20571e-03
6.499703075e-01  2.2051010e-03  1.86943e-04  1.00000e+00  2.20510e-03  2.20510e-03
6.716359844e-01  2.2044518e-03  2.18115e-04  1.00000e+00  2.20445e-03  2.20445e-03
6.940238505e-01  2.2037974e-03  1.58630e-04  1.00000e+00  2.20380e-03  2.20380e-03
7.171579789e-01  2.2031938e-03  1.91436e-04  1.00000e+00  2.20319e-03  2.20319e-03
7.410632448e-01  2.2024368e-03  1.14293e-04  1.00000e+00  2.20244e-03  2.20244e-03
7.657653530e-01  2.2017297e-03  1.23201e-04  1.00000e+00  2.20173e-03  2.20173e-03
7.912908648e-01  2.2013175e-03  1.15121e-04  1.00000e+00  2.20132e-03  2.20132e-03
8.176672269e-01  2.2002799e-03  1.00815e-04  1.00000e+00  2.20028e-03  2.20028e-03
8.449228011e-01  2.1995196e-03  1.05086e-04  1.00000e+00  2.19952e-03  2.19952e-03
8.730868945e-01  2.1997134e-03  9.44159e-05  1.00000e+00  2.19971e-03  2.19971e-03
9.021897910e-01  2.1981519e-03  9.60693e-05  1.00000e+00  2.19815e-03  2.19815e-03
9.322627840e-01  2.1979044e-03  8.85164e-05  1.00000e+00  2.19790e-03  2.19791e-03
9.633382102e-01  2.1965388e-03  8.64525e-05  1.00000e+00  2.19654e-03  2.19654e-03
9.954494838e-01  2.1958790e-03  8.54300e-05  1.00000e+00  2.19588e-03  2.19588e-03
1.028631133e+00  2.1984366e-03  8.21176e-05  1.00000e+00  2.19844e-03  2.19845e-03
1.062918838e+00  2.2011977e-03  7.97822e-05  1.00000e+00  2.20120e-03  2.20124e-03
1.098349466e+00  2.1954863e-03  8.04033e-05  1.00000e+00  2.19549e-03  2.19550e-03
1.134961115e+00  2.1960804e-03  8.17016e-05  1.00000e+00  2.19608e-03  2.19611e-03
1.172793152e+00  2.1930370e-03  8.09254e-05  1.00000e+00  2.19304e-03  2.19304e-03
1.211886257e+00  2.2089309e-03  7.89653e-05  1.00000e+00  2.20893e-03  2.20894e-03
1.252282465e+00  2.2023846e-03  7.72851e-05  1.00000e+00  2.20238e-03  2.20253e-03
1.294025214e+00  2.2023367e-03  7.63361e-05  1.00000e+00  2.20234e-03  2.20254e-03
1.337159388e+00  2.2049287e-03  8.56187e-05  1.00000e+00  2.20493e-03  2.20512e-03
1.381731368e+00  2.1968368e-03  9.27676e-05  1.00000e+00  2.19684e-03  2.19736e-03
1.427789080e+00  2.2104527e-03  9.71116e-05  1.00000e+00  2.21045e-03  2.21057e-03
1.475382049e+00  2.2091652e-03  9.64781e-05  1.00000e+00  2.20917e-03  2.20925e-03
1.524561451e+00  2.2099283e-03  9.33858e-05  1.00000e+00  2.20993e-03  2.21003e-03
1.575380166e+00  2.2135360e-03  8.96021e-05  1.00000e+00  2.21354e-03  2.21361e-03
1.627892838e+00  2.2128986e-03  8.53162e-05  1.00000e+00  2.21290e-03  2.21291e-03
1.682155933e+00  2.2056888e-03  8.23680e-05  1.00000e+00  2.20569e-03  2.20612e-03
1.738227797e+00  2.1981931e-03  9.04208e-05  1.00000e+00  2.19819e-03  2.19963e-03
1.796168724e+00  2.2024096e-03  1.00400e-04  1.00000e+00  2.20241e-03  2.20348e-03
1.856041014e+00  2.2015559e-03  1.05184e-04  1.00000e+00  2.20156e-03  2.20467e-03
1.917909048e+00  2.2148049e-03  1.03572e-04  1.00000e+00  2.21480e-03  2.21484e-03
1.981839350e+00  2.2230827e-03  1.04802e-04  1.00000e+00  2.22308e-03  2.22308e-03
2.047900661e+00  2.2236878e-03  1.05513e-04  1.00000e+00  2.22369e-03  2.22369e-03
2.116164017e+00  2.2158381e-03  1.02435e-04  1.00000e+00  2.21584e-03  2.21586e-03
2.186702817e+00  2.2039857e-03  9.80162e-05  1.00000e+00  2.20399e-03  2.20695e-03
2.259592911e+00  2.1877126e-03  9.46381e-05  1.00000e+00  2.18771e-03  2.19891e-03
2.334912675e+00  2.1825511e-03  9.90012e-05  1.00000e+00  2.18255e-03  2.19517e-03
2.412743097e+00  2.1830136e-03  1.09630e-04  1.00000e+00  2.18301e-03  2.19063e-03
2.493167867e+00  2.2055410e-03  1.22817e-04  1.00000e+00  2.20554e-03  2.20819e-03
2.576273463e+00  2.2112619e-03  1.27589e-04  1.00000e+00  2.21126e-03  2.21169e-03
2.662149245e+00  2.2298459e-03  1.26260e-04  1.00000e+00  2.22985e-03  2.22988e-03
2.750887553e+00  2.2335303e-03  1.32588e-04  1.00000e+00  2.23353e-03  2.23354e-03
2.842583805e+00  2.2291300e-03  1.36359e-04  1.00000e+00  2.22913e-03  2.22914e-03
2.937336599e+00  2.2146238e-03  1.38430e-04  1.00000e+00  2.21462e-03  2.21492e-03
3.035247818e+00  2.2072749e-03  1.39670e-04  1.00000e+00  2.20727e-03  2.21054e-03
3.136422746e+00  2.2006126e-03  1.39208e-04  1.00000e+00  2.20061e-03  2.20859e-03
3.240970171e+00  2.1829794e-03  1.37704e-04  1.00000e+00  2.18298e-03  2.20486e-03
3.349002510e+00  2.1755704e-03  1.35931e-04  1.00000e+00  2.17557e-03  2.20535e-03
3.460635927e+00  2.1281664e-03  1.34762e-04  1.00000e+00  2.12817e-03  2.19849e-03
3.575990457e+00  2.1689776e-03  1.34158e-04  1.00000e+00  2.16898e-03  2.20661e-03
3.695190139e+00  2.1449970e-03  1.33577e-04  1.00000e+00  2.14500e-03  2.20151e-03
3.818363144e+00  2.2036231e-03  1.32840e-04  1.00000e+00  2.20362e-03  2.21145e-03
3.945641916e+00  2.1855852e-03  1.35113e-04  1.00000e+00  2.18559e-03  2.20834e-03
4.077163313e+00  2.2119019e-03  1.42236e-04  1.00000e+00  2.21190e-03  2.21395e-03
4.213068756e+00  2.2375809e-03  1.48333e-04  1.00000e+00  2.23758e-03  2.23793e-03
4.353504382e+00  2.2404553e-03  1.54503e-04  1.00000e+00  2.24046e-03  2.24082e-03
4.498621194e+00  2.2269168e-03  1.61267e-04  1.00000e+00  2.22692e-03  2.22755e-03
4.648575234e+00  2.2180825e-03  1.66832e-04  1.00000e+00  2.21808e-03  2.21968e-03
4.803527742e+00  2.2220630e-03  1.73319e-04  1.00000e+00  2.22206e-03  2.22320e-03
4.963645333e+00  2.2082360e-03  1.80652e-04  1.00000e+00  2.20824e-03  2.21489e-03
5.129100178e+00  2.2083661e-03  1.88468e-04  1.00000e+00  2.20837e-03  2.21543e-03
5.300070184e+00  2.2099927e-03  1.95606e-04  1.00000e+00  2.20999e-03  2.21635e-03
5.476739190e+00  2.1728720e-03  2.03441e-04  1.00000e+00  2.17287e-03  2.20780e-03
5.659297163e+00  2.0973679e-03  2.09387e-04  1.00000e+00  2.09737e-03  2.20244e-03
5.847940402e+00  2.0387244e-03  2.14905e-04  1.00000e+00  2.03872e-03  2.20012e-03
6.042871748e+00  1.9973482e-03  2.18489e-04  1.00000e+00  1.99735e-03  2.19803e-03
6.244300807e+00  1.9931868e-03  2.22509e-04  1.00000e+00  1.99319e-03  2.19914e-03
6.452444167e+00  1.9425074e-03  2.38825e-04  1.00000e+00  1.94251e-03  2.20007e-03
6.667525639e+00  1.9919214e-03  2.61263e-04  1.00000e+00  1.99192e-03  2.20393e-03
6.889776494e+00  2.1110043e-03  2.70239e-04  1.00000e+00  2.11100e-03  2.20782e-03
7.119435710e+00  2.1744285e-03  2.79177e-04  1.00000e+00  2.17443e-03  2.21316e-03
7.356750234e+00  2.1705845e-03  2.88688e-04  1.00000e+00  2.17058e-03  2.21317e-03
7.601975242e+00  2.1362432e-03  3.01190e-04  1.00000e+00  2.13624e-03  2.21004e-03
