# ------------------------------------------------------------------------
# Radiance spectrum
# NASA-GSFC Planetary Spectrum Generator (PSG) (Villanueva et al. 2018, 2022)
# Synthesized on Mon Mar 20 14:23:06 2023
# Doppler velocities [km/s] (vobs,vrot+vorb,vwidth,vrfl,vstr): 31.95000,-0.00000,0.43000,-0.00000,0.00000
# ------------------------------------------------------------------------
# Spectra synthesized with the Planetary and Universal Model of Atmospheric Scattering (PUMAS, Villanueva et al. 2018, 2022)
# Single scattering radiative transfer method
# ------------------------------------------------------------------------
# Spectral unit: Wavelength [um]
# Radiance unit: Contrast [radiance ratio w.r.t. parent star]
# Wave/freq Total Noise Stellar GJ-9827-b Transit
5.000000000e-01  5.7392980e-04  6.00935e-05  1.00000e+00  5.73930e-04  5.73930e-04
5.166666667e-01  5.7388621e-04  6.08908e-05  1.00000e+00  5.73886e-04  5.73886e-04
5.338888889e-01  5.7384348e-04  5.45051e-05  1.00000e+00  5.73843e-04  5.73843e-04
5.516851852e-01  5.7380128e-04  5.10800e-05  1.00000e+00  5.73801e-04  5.73801e-04
5.700746914e-01  5.7375948e-04  4.80396e-05  1.00000e+00  5.73759e-04  5.73759e-04
5.890771811e-01  5.7371790e-04  4.59963e-05  1.00000e+00  5.73718e-04  5.73718e-04
6.087130871e-01  5.7367623e-04  4.43325e-05  1.00000e+00  5.73676e-04  5.73676e-04
6.290035233e-01  5.7363409e-04  4.29264e-05  1.00000e+00  5.73634e-04  5.73634e-04
6.499703075e-01  5.7359216e-04  4.15941e-05  1.00000e+00  5.73592e-04  5.73592e-04
6.716359844e-01  5.7354783e-04  3.99990e-05  1.00000e+00  5.73548e-04  5.73548e-04
6.940238505e-01  5.7350361e-04  3.89663e-05  1.00000e+00  5.73504e-04  5.73504e-04
7.171579789e-01  5.7346293e-04  3.81957e-05  1.00000e+00  5.73463e-04  5.73464e-04
7.410632448e-01  5.7341370e-04  3.72346e-05  1.00000e+00  5.73414e-04  5.73416e-04
7.657653530e-01  5.7336855e-04  3.61752e-05  1.00000e+00  5.73369e-04  5.73371e-04
7.912908648e-01  5.7333658e-04  3.54795e-05  1.00000e+00  5.73337e-04  5.73341e-04
8.176672269e-01  5.7327988e-04  3.49900e-05  1.00000e+00  5.73280e-04  5.73287e-04
8.449228011e-01  5.7323472e-04  3.46245e-05  1.00000e+00  5.73235e-04  5.73245e-04
8.730868945e-01  5.7322281e-04  3.38702e-05  1.00000e+00  5.73223e-04  5.73236e-04
9.021897910e-01  5.7315526e-04  3.30232e-05  1.00000e+00  5.73155e-04  5.73175e-04
9.322627840e-01  5.7313084e-04  3.29241e-05  1.00000e+00  5.73131e-04  5.73158e-04
9.633382102e-01  5.7306073e-04  3.22966e-05  1.00000e+00  5.73061e-04  5.73100e-04
9.954494838e-01  5.7301760e-04  3.16053e-05  1.00000e+00  5.73018e-04  5.73069e-04
1.028631133e+00  5.7312373e-04  3.11896e-05  1.00000e+00  5.73124e-04  5.73173e-04
1.062918838e+00  5.7318791e-04  3.08714e-05  1.00000e+00  5.73188e-04  5.73233e-04
1.098349466e+00  5.7292026e-04  3.10140e-05  1.00000e+00  5.72920e-04  5.73035e-04
1.134961115e+00  5.7290426e-04  3.05904e-05  1.00000e+00  5.72904e-04  5.73044e-04
1.172793152e+00  5.7271791e-04  3.01652e-05  1.00000e+00  5.72718e-04  5.72916e-04
1.211886257e+00  5.7376327e-04  2.97849e-05  1.00000e+00  5.73763e-04  5.73784e-04
1.252282465e+00  5.7312865e-04  2.93450e-05  1.00000e+00  5.73129e-04  5.73242e-04
1.294025214e+00  5.7316669e-04  2.91455e-05  1.00000e+00  5.73167e-04  5.73282e-04
1.337159388e+00  5.7335723e-04  2.87817e-05  1.00000e+00  5.73357e-04  5.73373e-04
1.381731368e+00  5.7259598e-04  2.84822e-05  1.00000e+00  5.72596e-04  5.73003e-04
1.427789080e+00  5.7382410e-04  2.84935e-05  1.00000e+00  5.73824e-04  5.73953e-04
1.475382049e+00  5.7362994e-04  2.82481e-05  1.00000e+00  5.73630e-04  5.73630e-04
1.524561451e+00  5.7373354e-04  2.79014e-05  1.00000e+00  5.73734e-04  5.73740e-04
1.575380166e+00  5.7397126e-04  2.77671e-05  1.00000e+00  5.73971e-04  5.73974e-04
1.627892838e+00  5.7400940e-04  2.75578e-05  1.00000e+00  5.74009e-04  5.74009e-04
1.682155933e+00  5.7330633e-04  2.78234e-05  1.00000e+00  5.73306e-04  5.73373e-04
1.738227797e+00  5.7215506e-04  2.84397e-05  1.00000e+00  5.72155e-04  5.72998e-04
1.796168724e+00  5.7293855e-04  2.89343e-05  1.00000e+00  5.72939e-04  5.72965e-04
1.856041014e+00  5.7293196e-04  2.97403e-05  1.00000e+00  5.72932e-04  5.73396e-04
1.917909048e+00  5.7378744e-04  3.04359e-05  1.00000e+00  5.73787e-04  5.73787e-04
1.981839350e+00  5.7472398e-04  3.10072e-05  1.00000e+00  5.74724e-04  5.74724e-04
2.047900661e+00  5.7473688e-04  3.16443e-05  1.00000e+00  5.74737e-04  5.74737e-04
2.116164017e+00  5.7396042e-04  3.23651e-05  1.00000e+00  5.73960e-04  5.73960e-04
2.186702817e+00  5.7314888e-04  3.31933e-05  1.00000e+00  5.73149e-04  5.73435e-04
2.259592911e+00  5.6972396e-04  3.40736e-05  1.00000e+00  5.69724e-04  5.72996e-04
2.334912675e+00  5.6809997e-04  3.57040e-05  1.00000e+00  5.68100e-04  5.72822e-04
2.412743097e+00  5.6527340e-04  3.68953e-05  1.00000e+00  5.65273e-04  5.72414e-04
2.493167867e+00  5.7320387e-04  3.76276e-05  1.00000e+00  5.73204e-04  5.73486e-04
2.576273463e+00  5.7361139e-04  3.82729e-05  1.00000e+00  5.73611e-04  5.73614e-04
2.662149245e+00  5.7503332e-04  3.90558e-05  1.00000e+00  5.75033e-04  5.75033e-04
2.750887553e+00  5.7541934e-04  3.97432e-05  1.00000e+00  5.75419e-04  5.75419e-04
2.842583805e+00  5.7469777e-04  4.06765e-05  1.00000e+00  5.74698e-04  5.74698e-04
2.937336599e+00  5.7385081e-04  4.17444e-05  1.00000e+00  5.73851e-04  5.73852e-04
3.035247818e+00  5.7366399e-04  4.28945e-05  1.00000e+00  5.73664e-04  5.73681e-04
3.136422746e+00  5.7366138e-04  4.40946e-05  1.00000e+00  5.73661e-04  5.73675e-04
3.240970171e+00  5.7293809e-04  4.53272e-05  1.00000e+00  5.72938e-04  5.72986e-04
3.349002510e+00  5.7306288e-04  4.67122e-05  1.00000e+00  5.73063e-04  5.73081e-04
3.460635927e+00  5.6665196e-04  4.79841e-05  1.00000e+00  5.66652e-04  5.72834e-04
3.575990457e+00  5.7250210e-04  4.93684e-05  1.00000e+00  5.72502e-04  5.73681e-04
3.695190139e+00  5.6372998e-04  5.10556e-05  1.00000e+00  5.63730e-04  5.73616e-04
3.818363144e+00  5.7399330e-04  5.24134e-05  1.00000e+00  5.73993e-04  5.74029e-04
3.945641916e+00  5.7331894e-04  5.39767e-05  1.00000e+00  5.73319e-04  5.73796e-04
4.077163313e+00  5.7377559e-04  5.56006e-05  1.00000e+00  5.73776e-04  5.73791e-04
4.213068756e+00  5.7581581e-04  5.73471e-05  1.00000e+00  5.75816e-04  5.75817e-04
4.353504382e+00  5.7560925e-04  6.50390e-05  1.00000e+00  5.75609e-04  5.75609e-04
4.498621194e+00  5.7424839e-04  7.14876e-05  1.00000e+00  5.74248e-04  5.74258e-04
4.648575234e+00  5.7397682e-04  7.31386e-05  1.00000e+00  5.73977e-04  5.74005e-04
4.803527742e+00  5.7473632e-04  7.36195e-05  1.00000e+00  5.74736e-04  5.74739e-04
4.963645333e+00  5.7391471e-04  7.57007e-05  1.00000e+00  5.73915e-04  5.74006e-04
5.129100178e+00  5.7420017e-04  7.74094e-05  1.00000e+00  5.74200e-04  5.74259e-04
5.300070184e+00  5.7399000e-04  7.90184e-05  1.00000e+00  5.73990e-04  5.74076e-04
5.476739190e+00  5.7189084e-04  8.04844e-05  1.00000e+00  5.71891e-04  5.73205e-04
5.659297163e+00  5.5936351e-04  8.16700e-05  1.00000e+00  5.59364e-04  5.72830e-04
5.847940402e+00  5.5446855e-04  8.35565e-05  1.00000e+00  5.54469e-04  5.72841e-04
6.042871748e+00  5.3555818e-04  8.57401e-05  1.00000e+00  5.35558e-04  5.72902e-04
6.244300807e+00  5.5287200e-04  8.83401e-05  1.00000e+00  5.52872e-04  5.72982e-04
6.452444167e+00  5.6822845e-04  9.14155e-05  1.00000e+00  5.68228e-04  5.73334e-04
6.667525639e+00  5.7204704e-04  9.49799e-05  1.00000e+00  5.72047e-04  5.73599e-04
6.889776494e+00  5.7318794e-04  9.90381e-05  1.00000e+00  5.73188e-04  5.73936e-04
7.119435710e+00  5.7404260e-04  1.03543e-04  1.00000e+00  5.74043e-04  5.74315e-04
7.356750234e+00  5.7401892e-04  1.08477e-04  1.00000e+00  5.74019e-04  5.74332e-04
7.601975242e+00  5.7348344e-04  1.13822e-04  1.00000e+00  5.73483e-04  5.74132e-04
